6785.92187 13.444 0.005
6789.68728 13.442 0.005
6790.71775 13.438 0.005
6791.73045 13.438 0.005
6796.73508 13.442 0.005
6803.64230 13.448 0.005
6804.80089 13.456 0.005
6805.84983 13.463 0.005
6808.60572 13.459 0.005
6809.63951 13.455 0.005
6810.68466 13.457 0.005
6811.72355 13.455 0.005
6813.84242 13.450 0.005
6815.58820 13.441 0.005
6816.65500 13.438 0.005
6817.72548 13.422 0.005
6824.57142 13.366 0.005
6825.58546 13.352 0.005
6826.58156 13.339 0.005
6827.61201 13.321 0.005
6828.68417 13.316 0.005
6829.73822 13.305 0.005
6830.76145 13.283 0.005
6832.52915 13.260 0.005
6833.56445 13.237 0.005
6834.57834 13.228 0.005
6835.61540 13.196 0.005
6837.63153 13.144 0.005
6838.64573 13.121 0.005
6839.66086 13.096 0.005
6840.74687 13.075 0.005
6842.54077 13.017 0.005
6844.55461 12.967 0.005
6845.55784 12.937 0.005
6851.57256 12.795 0.005
6852.58726 12.774 0.005
6855.59890 12.739 0.005
6856.64755 12.722 0.005
6857.67766 12.714 0.005
6858.72034 12.691 0.005
6862.66371 12.671 0.005
6863.72933 12.655 0.005
6865.60238 12.649 0.005
6872.57077 12.641 0.005
6879.56609 12.666 0.005
6881.65564 12.690 0.005
6885.51147 12.723 0.005
6886.67509 12.721 0.005
6888.63057 12.731 0.005
6890.60021 12.760 0.005
7083.90722 14.379 0.007
7087.80645 14.310 0.006
7090.79845 14.239 0.006
7097.86849 14.042 0.005
7100.80570 13.965 0.005
7108.80205 13.754 0.005
7109.75237 13.748 0.005
7111.85604 13.700 0.005
7113.84690 13.667 0.005
7115.82722 13.637 0.005
7117.80442 13.625 0.005
7119.82314 13.603 0.005
7126.72078 13.585 0.005
7129.89447 13.589 0.005
7131.75327 13.606 0.005
7133.84493 13.608 0.005
7134.93212 13.617 0.005
7136.75358 13.618 0.005
7137.86093 13.628 0.005
7138.91999 13.641 0.005
7140.73227 13.640 0.005
7141.79668 13.658 0.005
7142.93289 13.664 0.005
7144.70685 13.678 0.005
7145.93812 13.688 0.005
7151.79261 13.711 0.005
7153.76521 13.714 0.005
7154.82812 13.717 0.005
7155.86031 13.728 0.005
7157.68592 13.714 0.005
7158.77488 13.715 0.005
7159.81354 13.712 0.005
7160.83613 13.717 0.005
7161.86293 13.707 0.005
7162.86518 13.703 0.005
7163.87405 13.711 0.005
7166.60763 13.695 0.005
7168.70930 13.687 0.005
7169.89189 13.704 0.005
7170.87361 13.678 0.005
7172.89191 13.661 0.005
7173.90400 13.667 0.005
7454.89871 14.460 0.006
7458.79055 14.416 0.006
7461.90199 14.368 0.006
7465.87740 14.304 0.006
7470.87262 14.245 0.006
7607.69421 12.765 0.005
7609.54281 12.782 0.005
7610.68548 12.778 0.005
7616.68423 12.829 0.005
7618.57390 12.858 0.005
7800.85731 14.953 0.008
7803.88074 14.909 0.008
7807.89630 14.878 0.008
7810.85745 14.860 0.007
7812.89250 14.794 0.007
7815.89036 14.768 0.007
7817.86391 14.733 0.007
7819.84482 14.672 0.007
7862.77362 14.077 0.006
7863.91222 14.079 0.006
7864.87325 14.074 0.006
7865.89825 14.063 0.006
7866.93288 14.067 0.006
7868.81077 14.047 0.006
8183.81290 14.561 0.007
8189.90740 14.463 0.007
8191.90472 14.446 0.007
8215.80607 14.231 0.006
8353.58451 12.991 0.005
8382.58779 13.318 0.005
8385.55962 13.365 0.005
