2123.69145 15.378 0.004
2128.48357 15.602 0.005
2131.48397 15.649 0.005
2134.51581 15.755 0.005
2137.53362 15.663 0.005
2141.52184 15.494 0.004
2144.52080 15.556 0.005
2157.55699 15.430 0.005
2168.53154 15.428 0.005
2194.54705 15.712 0.005
2340.88945 15.579 0.006
2351.91052 15.601 0.005
2358.91410 15.379 0.005
2363.91764 15.539 0.005
2372.92011 15.431 0.005
2380.77160 15.511 0.005
2385.85090 15.765 0.005
2389.84935 15.474 0.005
2396.82566 15.786 0.005
2402.69135 15.780 0.005
2404.83577 15.750 0.005
2406.67932 15.469 0.005
2411.67905 15.389 0.004
2415.63364 15.592 0.005
2417.64574 15.451 0.005
2424.69232 15.729 0.005
2426.60880 15.581 0.004
2428.72607 15.516 0.005
2431.91266 15.712 0.006
2433.86694 15.526 0.005
2435.84302 15.377 0.004
2439.83632 15.601 0.005
2443.78878 15.511 0.005
2446.72416 15.508 0.005
2453.72809 15.599 0.005
2459.57227 15.582 0.004
2462.75550 15.788 0.005
2463.72071 15.415 0.004
2465.50681 15.628 0.005
2465.50966 15.627 0.005
2469.80124 15.545 0.005
2471.47871 15.721 0.005
2489.68773 15.625 0.004
2492.64049 15.633 0.005
2494.69501 15.534 0.004
2497.48147 15.438 0.005
2499.53263 15.340 0.004
2511.54102 15.550 0.005
2516.52682 15.441 0.005
2526.50634 15.766 0.005
2545.49826 15.759 0.005
2554.55105 15.389 0.005
2566.51223 15.585 0.006
2711.86727 15.727 0.005
2726.87954 15.508 0.004
2752.78192 15.701 0.005
2755.77279 15.776 0.005
2758.92428 15.398 0.005
2764.93986 15.483 0.007
2769.73771 15.742 0.004
2770.62039 15.376 0.005
2775.83629 15.426 0.006
2783.61643 15.789 0.005
2785.59759 15.595 0.005
2787.65440 15.474 0.005
2789.94324 15.582 0.006
2791.90871 15.401 0.005
2794.60782 15.775 0.006
2796.90548 15.485 0.005
2797.86866 15.456 0.004
2813.59648 15.722 0.005
2815.58640 15.572 0.005
2821.81807 15.468 0.005
2826.50881 15.507 0.005
2830.50342 15.801 0.007
2836.62272 15.434 0.005
2838.49719 15.726 0.005
2840.48481 15.562 0.005
2842.49272 15.416 0.005
2848.53121 15.564 0.006
2853.52471 15.423 0.005
2855.62979 15.394 0.005
2857.71042 15.485 0.005
2864.57487 15.485 0.005
2867.48402 15.471 0.005
2875.60788 15.535 0.005
2879.53974 15.748 0.005
2895.49709 15.611 0.005
2898.54661 15.703 0.006
2905.51821 15.439 0.005
2910.51832 15.365 0.005
2915.54707 15.610 0.006
2922.56519 15.597 0.007
2933.54188 15.570 0.006
3055.86926 15.555 0.004
