5262.51951 16.189 0.007
5264.52435 16.186 0.007
5265.57598 16.227 0.008
5266.51965 16.227 0.007
5267.51969 16.237 0.007
5269.50335 16.244 0.008
5272.51462 16.304 0.008
5273.49971 16.314 0.008
5275.49875 16.339 0.008
5277.51023 16.384 0.008
5280.51365 16.429 0.008
5282.49423 16.431 0.008
5284.50832 16.444 0.008
5285.50825 16.453 0.008
5288.50010 16.451 0.008
5291.49892 16.418 0.008
5294.50864 16.326 0.008
5296.53731 16.227 0.007
5298.52224 16.192 0.007
5301.48264 16.168 0.008
5306.49516 16.276 0.008
5308.51774 16.297 0.008
5312.47779 16.341 0.008
5315.46631 16.402 0.009
5428.92150 16.183 0.006
5439.84298 16.276 0.007
5444.86115 16.376 0.007
5449.91300 16.447 0.008
5450.84243 16.403 0.007
5454.84607 16.430 0.007
5457.85427 16.420 0.006
5459.78313 16.441 0.007
5463.84572 16.307 0.007
5467.82015 16.215 0.007
5468.77879 16.198 0.007
5469.83048 16.221 0.006
5471.79459 16.190 0.006
5475.88822 16.307 0.007
5478.74311 16.286 0.006
5480.73842 16.312 0.007
5482.73588 16.345 0.007
5484.74238 16.373 0.008
5486.72757 16.383 0.007
5488.71137 16.415 0.007
5489.73247 16.432 0.007
5491.71138 16.405 0.007
5492.73118 16.468 0.008
5494.72049 16.431 0.008
5496.76840 16.454 0.008
5499.79345 16.388 0.007
5505.86846 16.241 0.007
5510.76751 16.251 0.006
5512.78599 16.279 0.007
5514.78869 16.296 0.006
5516.79162 16.348 0.007
5518.81505 16.376 0.008
5521.81423 16.426 0.007
5523.77299 16.385 0.008
5525.78262 16.412 0.007
5527.70633 16.399 0.006
5528.84064 16.451 0.007
5529.73063 16.433 0.007
5530.76029 16.412 0.007
5532.75283 16.456 0.006
5533.81972 16.361 0.007
5534.68050 16.424 0.007
5535.77147 16.418 0.007
5539.81042 16.200 0.007
5541.75122 16.247 0.006
5543.80143 16.180 0.007
5545.80608 16.279 0.007
5547.71488 16.182 0.006
5549.72833 16.291 0.007
5551.73890 16.261 0.007
5554.77699 16.348 0.008
5557.75049 16.413 0.007
5559.79580 16.402 0.007
5561.72828 16.420 0.007
5565.75985 16.420 0.007
5568.74558 16.457 0.008
5571.71118 16.465 0.007
5574.80948 16.301 0.007
5575.82658 16.175 0.007
5576.80587 16.180 0.006
5577.76175 16.259 0.007
5578.76297 16.268 0.008
5580.74116 16.172 0.006
5581.74426 16.257 0.007
5582.79101 16.256 0.007
5584.74153 16.253 0.007
5585.73006 16.305 0.007
5587.68269 16.206 0.006
5590.64918 16.280 0.006
5591.72266 16.326 0.007
5593.67387 16.375 0.007
5594.70414 16.361 0.007
5595.71745 16.389 0.007
5596.74286 16.474 0.008
5599.67564 16.390 0.007
5602.70795 16.413 0.006
5604.69404 16.467 0.008
5605.71233 16.402 0.006
5607.66717 16.462 0.007
5609.68226 16.375 0.008
5612.66472 16.279 0.008
5615.61971 16.320 0.006
5624.60371 16.247 0.006
5626.55488 16.263 0.007
5629.54080 16.340 0.007
5631.53964 16.288 0.008
5633.58374 16.390 0.007
5635.54862 16.367 0.007
5639.55809 16.382 0.008
5641.52796 16.432 0.007
5643.52939 16.417 0.007
5645.52853 16.432 0.008
5647.49234 16.466 0.008
5649.49090 16.405 0.008
5651.49434 16.461 0.006
5653.57127 16.272 0.007
5655.49273 16.368 0.007
5657.48783 16.265 0.007
5660.53517 16.190 0.006
5666.53101 16.278 0.008
5669.51254 16.382 0.008
5672.52534 16.411 0.007
5676.51290 16.444 0.005
5679.54710 16.438 0.007
5680.48866 16.473 0.008
5683.47320 16.439 0.008
5684.47452 16.455 0.008
5785.93449 16.303 0.008
5803.90498 16.389 0.006
5805.91830 16.404 0.007
5807.86601 16.433 0.007
5809.89714 16.387 0.006
5812.89291 16.420 0.007
5813.89016 16.376 0.006
5816.82933 16.389 0.007
5819.86377 16.330 0.006
5822.79805 16.383 0.007
5824.79413 16.212 0.006
5826.88508 16.210 0.006
5828.81834 16.228 0.006
5830.79849 16.235 0.006
5832.80033 16.286 0.006
5834.78545 16.240 0.006
5835.83048 16.290 0.006
5837.79625 16.349 0.006
5839.89607 16.407 0.008
5840.86179 16.434 0.006
5842.81083 16.355 0.007
5846.78187 16.394 0.008
5850.81821 16.433 0.007
5851.77476 16.481 0.008
5853.82716 16.385 0.007
5856.82607 16.305 0.007
5858.77169 16.395 0.007
5858.77846 16.401 0.008
5859.82908 16.207 0.006
5861.75521 16.317 0.007
5862.76901 16.269 0.005
5864.86561 16.254 0.006
5865.73540 16.295 0.006
5867.83884 16.249 0.006
5869.86284 16.327 0.006
5871.79574 16.272 0.006
5872.76822 16.326 0.006
5874.80043 16.326 0.007
5879.74087 16.388 0.008
5881.80874 16.398 0.007
5883.72413 16.437 0.007
5885.76790 16.408 0.007
5887.75935 16.451 0.006
5889.86101 16.357 0.008
5892.71996 16.396 0.007
5894.76165 16.369 0.006
5896.74634 16.280 0.007
5898.75676 16.266 0.006
5900.69949 16.234 0.006
5901.80028 16.281 0.006
5902.69990 16.226 0.007
5903.71639 16.180 0.007
5904.71450 16.246 0.006
5905.68834 16.258 0.007
5906.70037 16.217 0.007
5907.69188 16.220 0.006
5909.74467 16.321 0.007
5911.70800 16.316 0.006
5912.79466 16.420 0.007
5913.75159 16.376 0.006
5914.77437 16.369 0.006
5915.74804 16.403 0.006
5916.71620 16.410 0.006
5917.74893 16.399 0.006
5922.78114 16.463 0.006
5923.74835 16.457 0.006
5925.75225 16.426 0.007
5926.74929 16.436 0.007
5927.75003 16.429 0.006
5929.75624 16.384 0.006
5931.73412 16.318 0.007
5932.73900 16.292 0.006
5933.75200 16.316 0.007
5934.77239 16.224 0.007
5936.69410 16.248 0.006
5937.71666 16.244 0.006
5939.68248 16.209 0.006
5940.67921 16.231 0.006
5941.70703 16.241 0.006
5942.70225 16.218 0.006
5943.70371 16.237 0.006
5944.66691 16.270 0.006
5945.67595 16.277 0.006
5946.69956 16.282 0.006
5947.68355 16.298 0.007
5948.65981 16.323 0.006
5949.68915 16.329 0.007
5951.64881 16.365 0.007
5952.67435 16.386 0.006
5954.65384 16.359 0.006
5956.69236 16.421 0.006
5958.68980 16.425 0.006
5960.64791 16.422 0.006
5963.65147 16.456 0.007
5964.59422 16.440 0.007
5967.59966 16.443 0.007
5969.65333 16.358 0.007
5971.65906 16.257 0.006
5972.62821 16.292 0.006
5974.58580 16.297 0.007
5976.62140 16.228 0.006
5978.69771 16.228 0.006
5980.56448 16.211 0.006
5982.61005 16.226 0.007
5984.66054 16.326 0.006
5985.60868 16.298 0.006
5987.61377 16.330 0.006
5989.56156 16.344 0.007
5990.57010 16.366 0.007
5992.60550 16.389 0.007
5993.63447 16.410 0.008
5995.57875 16.413 0.007
5996.57861 16.420 0.008
5998.57949 16.443 0.007
6002.55852 16.450 0.007
6010.54299 16.339 0.007
6016.57301 16.224 0.006
6021.55350 16.287 0.008
6022.56273 16.294 0.007
6025.53957 16.319 0.007
6029.54244 16.391 0.007
6034.47626 16.408 0.008
6036.47815 16.438 0.007
6038.52060 16.474 0.008
6040.47890 16.453 0.007
6042.47635 16.458 0.008
6052.46481 16.226 0.007
6056.46580 16.235 0.007
6059.46516 16.268 0.007
6071.46065 16.422 0.008
6137.94329 16.420 0.008
6139.92833 16.350 0.007
6150.91942 16.259 0.007
6180.90295 16.202 0.007
6195.87672 16.368 0.006
6198.89258 16.437 0.007
6203.80083 16.461 0.007
6208.81413 16.460 0.007
6212.85670 16.428 0.007
6219.85500 16.188 0.006
6225.76989 16.185 0.006
6225.78730 16.182 0.006
6229.82890 16.316 0.007
6235.82937 16.383 0.006
6244.80015 16.467 0.007
6248.74672 16.458 0.007
6250.76894 16.411 0.006
6253.77312 16.334 0.006
6259.76917 16.194 0.007
6264.76484 16.221 0.005
6269.77670 16.333 0.006
6273.77254 16.400 0.007
6285.70510 16.466 0.007
6296.75921 16.173 0.006
6301.72443 16.239 0.006
6308.72980 16.337 0.006
6315.65325 16.413 0.007
6338.58974 16.204 0.006
6343.60426 16.274 0.006
6360.58062 16.445 0.006
6374.54997 16.200 0.006
6389.50303 16.371 0.006
6511.88834 16.219 0.006
6520.93484 16.409 0.008
6521.87126 16.397 0.006
6532.88123 16.432 0.006
6548.84107 16.236 0.006
6564.86174 16.458 0.006
6572.78992 16.445 0.006
6581.78307 16.252 0.006
6585.82340 16.287 0.006
6595.73057 16.290 0.005
6603.74884 16.430 0.006
6611.77859 16.425 0.007
6615.78900 16.244 0.007
6619.71604 16.179 0.005
6625.70883 16.278 0.006
6633.74263 16.398 0.006
6643.70542 16.462 0.009
6648.75038 16.339 0.006
6655.76263 16.143 0.005
6659.66657 16.142 0.005
6664.80254 16.351 0.006
6670.70691 16.316 0.006
6676.71508 16.452 0.006
6681.72265 16.385 0.006
6692.68642 16.171 0.005
6696.68243 16.213 0.006
6700.66420 16.271 0.006
6706.66578 16.317 0.006
6711.65880 16.370 0.006
6716.59722 16.456 0.006
6730.63224 16.298 0.008
6879.92753 16.410 0.007
6887.89707 16.469 0.007
6896.86720 16.283 0.008
6910.85825 16.291 0.008
6924.80009 16.454 0.007
6929.83992 16.389 0.007
6936.74459 16.283 0.006
6939.73192 16.212 0.007
6943.74393 16.183 0.006
6950.74260 16.274 0.006
6956.77864 16.413 0.007
6960.78273 16.427 0.007
6965.71480 16.403 0.007
6972.76170 16.269 0.007
6976.79675 16.236 0.006
6979.77199 16.220 0.006
6982.72909 16.215 0.006
6985.72912 16.302 0.007
6990.72748 16.351 0.007
6995.70446 16.413 0.007
6999.73980 16.450 0.007
7003.81745 16.375 0.007
7008.73770 16.317 0.006
7013.75688 16.236 0.006
7017.77104 16.258 0.006
7021.75496 16.321 0.006
7025.69117 16.333 0.007
7029.69159 16.372 0.007
7033.74333 16.405 0.008
7039.72155 16.426 0.006
7045.63874 16.395 0.007
7053.64943 16.221 0.007
7058.67934 16.282 0.008
7064.70579 16.402 0.007
7071.66892 16.470 0.007
7075.67366 16.449 0.008
7079.61241 16.453 0.008
7083.58907 16.365 0.007
7087.59434 16.228 0.007
7091.57807 16.193 0.006
7099.59473 16.322 0.006
7109.53717 16.365 0.008
7112.55820 16.437 0.008
7116.54908 16.424 0.008
7126.50236 16.223 0.006
7132.47251 16.220 0.008
7135.48800 16.260 0.006
7140.47030 16.335 0.007
7144.46839 16.382 0.009
7270.89909 16.374 0.006
7283.79585 16.452 0.007
7291.77416 16.416 0.008
7294.75850 16.307 0.007
7302.84504 16.276 0.007
7308.81206 16.346 0.007
7317.76858 16.435 0.007
7325.72977 16.459 0.007
7338.73978 16.218 0.007
7342.71817 16.269 0.006
7346.70929 16.336 0.007
7354.84185 16.448 0.007
7357.83926 16.466 0.007
7364.74539 16.426 0.007
7367.78428 16.273 0.006
7373.72147 16.192 0.007
7377.79123 16.279 0.006
7382.68903 16.306 0.007
7386.70391 16.373 0.006
7391.70360 16.434 0.007
7399.72955 16.420 0.008
7404.71837 16.311 0.006
7408.69132 16.206 0.006
7410.69374 16.208 0.007
7416.66286 16.252 0.006
7426.67453 16.420 0.007
7432.65164 16.456 0.007
7437.62283 16.460 0.007
7442.59000 16.405 0.007
7446.60546 16.249 0.006
7450.61506 16.223 0.006
7456.59746 16.279 0.007
7462.59689 16.379 0.006
7467.54783 16.405 0.007
7473.55220 16.460 0.007
7481.52765 16.366 0.007
7494.47841 16.257 0.008
7500.47179 16.300 0.007
