5262.50439 19.002 0.063
5264.50622 19.031 0.054
5265.59114 19.225 0.076
5266.50252 18.843 0.070
5267.50194 18.835 0.063
5268.53119 18.849 0.055
5270.49852 18.674 0.043
5272.49743 18.597 0.050
5274.49748 18.540 0.041
5276.49409 18.708 0.051
5279.49543 19.058 0.075
5281.49043 18.905 0.068
5283.50815 18.974 0.077
5284.49112 18.990 0.067
5285.49107 18.991 0.071
5287.48990 18.875 0.053
5289.49685 18.840 0.054
5292.53731 18.694 0.047
5294.48800 18.436 0.035
5296.52015 18.397 0.034
5299.48459 19.006 0.060
5305.48400 18.989 0.057
5308.50077 18.863 0.061
5311.49090 18.752 0.067
5314.47236 18.673 0.059
5428.90459 18.824 0.041
5438.92825 18.835 0.085
5444.90951 19.001 0.042
5450.90625 18.810 0.038
5453.89703 18.710 0.033
5455.84077 18.508 0.026
5457.83738 19.004 0.031
5461.88136 19.058 0.043
5465.82628 18.843 0.053
5467.80037 18.796 0.046
5468.76176 18.602 0.039
5469.81341 18.641 0.029
5471.77733 18.535 0.028
5475.87126 18.502 0.028
5478.72169 18.970 0.042
5481.71543 18.956 0.042
5483.71241 18.897 0.044
5485.75471 18.798 0.030
5487.72345 18.614 0.028
5489.71527 18.340 0.025
5490.75796 18.369 0.031
5492.71418 18.913 0.047
5493.72333 18.985 0.060
5495.70355 19.000 0.049
5497.69302 19.000 0.060
5502.83059 18.898 0.035
5506.84215 18.897 0.033
5510.74956 18.629 0.029
5512.76875 18.461 0.026
5514.77155 18.436 0.025
5516.77441 18.832 0.034
5518.79237 19.026 0.080
5521.79492 19.107 0.074
5523.75573 18.986 0.052
5525.75862 18.840 0.035
5527.72255 18.701 0.028
5529.71260 18.679 0.036
5530.67218 18.595 0.031
5531.85761 18.915 0.054
5533.80225 18.647 0.031
5534.66337 19.080 0.051
5535.75402 18.727 0.033
5536.84965 18.556 0.035
5539.79315 19.063 0.047
5541.73403 19.082 0.042
5543.74662 18.957 0.056
5545.69552 18.826 0.051
5547.69775 18.731 0.040
5549.71101 18.638 0.037
5551.71939 18.506 0.039
5554.75938 18.532 0.034
5557.73329 19.034 0.048
5558.74575 19.115 0.044
5559.63284 18.941 0.054
5561.71106 18.934 0.048
5565.74278 18.955 0.044
5566.76399 18.886 0.047
5570.79726 18.893 0.050
5574.78889 18.571 0.027
5574.79348 18.525 0.028
5575.79118 18.519 0.038
5576.78790 18.520 0.029
5577.72650 19.063 0.055
5578.73004 18.982 0.060
5579.77874 19.064 0.089
5580.72376 18.955 0.048
5582.75640 18.998 0.054
5583.67372 18.865 0.038
5589.73193 18.798 0.035
5590.66388 18.652 0.030
5592.73739 18.669 0.031
5594.68688 18.630 0.031
5595.68505 18.874 0.033
5597.68158 19.021 0.041
5599.69052 19.098 0.049
5601.71600 19.020 0.042
5602.68806 19.119 0.037
5604.70879 19.061 0.055
5605.69474 18.988 0.038
5607.64961 18.717 0.042
5609.66512 18.688 0.053
5612.64710 18.601 0.049
5615.60168 19.003 0.038
5623.54178 18.866 0.042
5626.53749 18.606 0.036
5628.53882 18.505 0.043
5630.55600 18.709 0.037
5632.53460 18.980 0.060
5634.52782 19.061 0.072
5638.53109 18.939 0.091
5640.55130 18.858 0.062
5642.52724 18.784 0.034
5644.52784 18.696 0.035
5646.49029 18.558 0.049
5648.49105 18.567 0.048
5650.48816 19.120 0.065
5652.48874 19.015 0.047
5653.51501 19.084 0.061
5654.51048 19.077 0.060
5656.49104 19.014 0.048
5659.48691 18.914 0.047
5665.47893 18.624 0.046
5668.51581 18.600 0.043
5670.47502 18.875 0.064
5672.50715 19.050 0.056
5676.49512 19.012 0.032
5680.47113 18.837 0.062
5682.46803 18.706 0.058
5785.91747 18.599 0.035
5796.91939 19.118 0.061
5803.85329 18.629 0.031
5806.92068 18.673 0.036
5807.84902 18.557 0.034
5809.88017 18.661 0.026
5812.87594 19.097 0.040
5815.85524 18.945 0.042
5818.84428 18.968 0.048
5820.83316 18.857 0.042
5823.82562 18.624 0.032
5825.78277 18.520 0.023
5827.82560 18.659 0.027
5829.75883 19.019 0.032
5832.78322 19.010 0.031
5833.86833 19.016 0.037
5835.75931 18.920 0.037
5836.83286 18.888 0.036
5839.76160 18.769 0.034
5841.84291 18.851 0.035
5844.84606 18.711 0.049
5850.83445 19.064 0.041
5851.75754 19.285 0.054
5853.80984 19.092 0.051
5859.73906 18.743 0.034
5861.72302 18.566 0.034
5864.73137 18.562 0.025
5866.74126 18.707 0.034
5867.82046 18.536 0.026
5869.78187 19.010 0.039
5870.72187 18.967 0.039
5872.80487 18.932 0.039
5872.87285 18.857 0.080
5875.76602 19.053 0.046
5879.77384 18.833 0.067
5881.75361 18.646 0.038
5883.73896 18.438 0.034
5885.75094 18.487 0.036
5888.76693 18.857 0.047
5890.79364 18.971 0.048
5892.70258 18.961 0.058
5894.74448 18.905 0.035
5896.72901 18.884 0.044
5898.73971 18.906 0.039
5900.68222 18.658 0.040
5902.68255 18.500 0.038
5903.69920 18.473 0.039
5904.69729 18.333 0.026
5905.67118 19.085 0.052
5906.68303 19.084 0.057
5907.67469 19.003 0.049
5909.67886 19.049 0.050
5911.69069 18.965 0.041
5912.72522 18.971 0.040
5913.76644 18.950 0.036
5914.72328 18.922 0.030
5915.72933 18.960 0.030
5916.69904 18.917 0.039
5917.69603 18.857 0.028
5922.76388 18.744 0.028
5923.69106 18.555 0.024
5924.67209 18.659 0.029
5925.73508 18.586 0.033
5926.69785 18.783 0.032
5927.69723 18.959 0.046
5929.67117 19.038 0.046
5932.72180 19.016 0.050
5933.73431 19.057 0.054
5934.75522 19.009 0.048
5936.67634 18.865 0.046
5938.65646 18.659 0.034
5939.66500 18.633 0.036
5940.66151 18.538 0.025
5941.68987 18.576 0.031
5942.68506 18.524 0.030
5943.68591 18.425 0.027
5944.64914 18.834 0.029
5945.65875 18.855 0.035
5946.68232 18.889 0.033
5947.66598 19.154 0.059
5948.64255 19.049 0.039
5949.67211 18.991 0.052
5950.62465 18.981 0.036
5954.67012 18.928 0.028
5956.66960 18.872 0.031
5958.66628 18.801 0.030
5960.62990 18.531 0.024
5962.59924 18.359 0.033
5964.57368 19.138 0.070
5967.57934 19.059 0.052
5968.61406 19.223 0.062
5969.57983 19.022 0.041
5971.62108 18.961 0.031
5973.59706 18.886 0.029
5976.60417 18.774 0.036
5978.68047 18.839 0.032
5980.54709 18.541 0.037
5981.58913 18.478 0.029
5983.65403 18.542 0.023
5985.57606 19.148 0.041
5987.57533 19.141 0.048
5989.57643 19.091 0.044
5991.58791 18.915 0.067
5992.57261 18.891 0.042
5994.61052 19.000 0.057
5995.59361 18.814 0.052
5997.58081 18.671 0.040
6000.56527 18.442 0.027
6004.55205 18.978 0.048
6008.56081 19.040 0.038
6017.53850 18.658 0.036
6022.54552 18.668 0.042
6025.52074 18.960 0.075
6035.50108 18.765 0.041
6037.47763 18.701 0.053
6039.47643 18.566 0.049
6053.46329 18.838 0.068
6065.46321 18.898 0.068
6119.91819 18.553 0.043
6147.93288 18.991 0.075
6157.90331 18.643 0.034
6167.89480 18.892 0.042
6180.88583 18.469 0.034
6199.84833 18.594 0.060
6202.85552 18.857 0.046
6204.89045 19.057 0.050
6208.79912 18.907 0.037
6211.84984 18.982 0.050
6215.80175 18.513 0.027
6219.83786 18.478 0.030
6221.85239 18.748 0.034
6225.75249 18.929 0.047
6229.81131 18.827 0.050
6231.78386 18.811 0.043
6235.80351 18.624 0.028
6239.84384 18.479 0.030
6244.77790 19.117 0.039
6248.72956 18.867 0.036
6253.78962 18.777 0.029
6256.74200 18.532 0.031
6259.75182 18.917 0.054
6263.80856 19.128 0.043
6267.77218 19.035 0.044
6272.76796 18.848 0.039
6277.75360 18.478 0.019
6284.78831 19.015 0.034
6287.74986 18.981 0.049
6291.73533 18.833 0.047
6296.74112 18.380 0.024
6302.69883 19.088 0.037
6309.67775 18.819 0.033
6316.66076 18.491 0.035
6338.57194 18.936 0.041
6339.61003 19.088 0.037
6348.59970 18.901 0.051
6354.55294 18.942 0.039
6360.56316 19.028 0.036
6363.55981 18.951 0.040
6373.55272 18.457 0.028
6380.48706 19.091 0.064
6388.50354 18.678 0.036
6397.47467 18.880 0.058
6508.90524 18.698 0.034
6520.91784 18.976 0.038
6530.90422 18.746 0.039
6548.82427 18.412 0.023
6567.88539 18.840 0.041
6573.78916 19.148 0.034
6580.83693 19.091 0.040
6584.83208 18.911 0.040
6593.71016 18.958 0.052
6608.86075 18.715 0.030
6613.83323 18.566 0.038
6617.70377 18.943 0.032
6624.70933 18.702 0.028
6628.71806 18.450 0.030
6641.68579 18.853 0.042
6647.69799 18.625 0.028
6657.75780 19.086 0.038
6662.75945 18.994 0.047
6668.73554 18.711 0.031
6668.75276 18.688 0.030
6673.73327 18.742 0.051
6679.73026 19.021 0.032
6692.66870 19.020 0.033
6696.66408 18.872 0.037
6700.64701 18.871 0.041
6704.67717 18.839 0.060
6709.52774 19.187 0.046
6713.59128 19.220 0.071
6735.58413 19.028 0.049
6879.91007 18.787 0.048
6886.90000 18.895 0.036
6895.90633 18.848 0.040
6909.85420 19.200 0.072
6924.78313 19.064 0.035
6929.82271 19.044 0.055
6932.75239 18.864 0.046
6938.74215 18.511 0.037
6942.75694 18.912 0.048
6949.79308 18.929 0.037
6954.80079 18.856 0.029
6958.77087 18.724 0.043
6964.82496 18.325 0.026
6969.77566 18.983 0.052
6975.76536 18.852 0.036
6978.70640 18.622 0.030
6980.73370 18.604 0.031
6984.72483 18.851 0.042
6989.72798 19.083 0.038
6994.70463 18.787 0.037
6998.76913 18.713 0.038
7001.69342 18.668 0.036
7006.71087 19.063 0.053
7012.66159 18.816 0.035
7016.75651 18.774 0.037
7020.74737 18.599 0.038
7024.73574 18.877 0.044
7027.63233 19.005 0.067
7032.70903 18.920 0.043
7038.64047 18.645 0.029
7043.63698 18.962 0.046
7049.62315 18.936 0.037
7055.64763 18.677 0.043
7061.68045 18.553 0.043
7068.65965 19.028 0.042
7076.63705 18.724 0.038
7082.53841 18.905 0.063
7086.59699 18.856 0.069
7090.58792 18.848 0.041
7097.57535 18.611 0.035
7104.54518 19.009 0.036
7112.54068 18.638 0.049
7118.52416 18.720 0.042
7124.47728 18.953 0.044
7131.49179 18.798 0.047
7135.47084 18.363 0.033
7139.46797 19.022 0.065
7142.46645 18.845 0.046
7269.91426 18.989 0.047
7282.85311 19.009 0.054
7291.75726 18.597 0.047
7295.77011 18.759 0.038
7302.82815 19.082 0.056
7308.79509 18.869 0.046
7317.75158 18.967 0.050
7325.71262 18.924 0.044
7334.71588 18.718 0.034
7339.72046 18.986 0.034
7344.74693 18.911 0.036
7353.82809 18.717 0.056
7356.82983 18.442 0.028
7364.72826 18.958 0.046
7367.76710 18.856 0.033
7373.70442 18.437 0.027
7378.78066 18.706 0.046
7383.69035 19.026 0.051
7387.70648 18.866 0.034
7395.68459 18.804 0.051
7400.67956 18.967 0.036
7407.66952 18.760 0.042
7409.64918 18.534 0.039
7425.64220 18.871 0.038
7432.63456 18.450 0.026
7436.60724 19.126 0.050
7441.61372 18.948 0.053
7446.58824 18.701 0.025
7449.59038 18.643 0.036
7453.58243 18.739 0.029
7458.59769 19.113 0.055
7465.50031 18.592 0.033
7471.53512 18.788 0.068
7475.51161 19.044 0.050
7495.47604 19.141 0.083
