5262.50439 18.987 0.062
5264.50622 18.997 0.052
5265.59114 18.908 0.057
5266.50252 18.986 0.078
5267.50194 18.914 0.068
5268.53119 19.091 0.067
5270.49852 18.952 0.055
5272.49743 18.894 0.062
5274.49748 18.866 0.053
5276.49409 18.814 0.055
5279.49543 19.093 0.078
5281.49043 18.853 0.063
5283.50815 18.866 0.069
5284.49112 19.021 0.068
5285.49107 18.781 0.058
5287.48990 18.897 0.054
5289.49685 18.993 0.061
5294.48800 18.830 0.048
5296.52015 18.876 0.051
5299.48459 18.848 0.052
5305.48400 18.970 0.056
5308.50077 18.936 0.065
5311.49090 19.131 0.095
5428.90459 18.883 0.043
5438.92825 18.983 0.097
5444.90951 18.882 0.039
5450.90625 18.860 0.039
5453.89703 18.947 0.040
5455.84077 18.896 0.035
5457.83738 18.764 0.026
5461.88136 18.927 0.039
5465.82628 18.973 0.058
5467.80037 19.037 0.056
5468.76176 18.818 0.048
5469.81341 19.059 0.041
5471.77733 19.035 0.040
5475.87126 18.802 0.034
5478.72169 19.005 0.043
5481.71543 18.871 0.039
5483.71241 18.883 0.043
5485.75471 18.943 0.032
5487.72345 18.918 0.035
5489.71527 18.922 0.039
5490.75796 18.911 0.048
5492.71418 18.847 0.044
5493.72333 19.041 0.064
5495.70355 18.891 0.044
5497.69302 18.801 0.051
5502.83059 18.847 0.033
5506.84215 18.840 0.031
5510.74956 18.926 0.036
5512.76875 18.949 0.037
5514.77155 19.004 0.038
5516.77441 19.011 0.038
5521.79492 18.936 0.062
5523.75573 18.971 0.051
5527.72255 18.961 0.034
5529.71260 19.103 0.050
5530.67218 18.881 0.038
5531.85761 18.920 0.053
5533.80225 18.808 0.035
5534.66337 19.052 0.050
5535.75402 18.829 0.035
5536.84965 19.058 0.053
5539.79315 18.906 0.040
5541.73403 18.955 0.037
5543.74662 18.990 0.057
5545.69552 18.989 0.056
5547.69775 19.093 0.054
5549.71101 19.048 0.052
5551.71939 18.908 0.054
5554.75938 19.012 0.051
5557.73329 18.899 0.042
5558.74575 18.957 0.039
5559.63284 18.886 0.051
5561.71106 19.042 0.052
5565.74278 19.075 0.050
5566.76399 18.961 0.049
5570.79726 18.986 0.054
5574.78889 19.054 0.038
5574.79348 19.117 0.043
5575.79118 18.989 0.055
5576.78790 18.911 0.038
5577.72650 18.927 0.049
5578.73004 18.876 0.054
5579.77874 19.010 0.081
5580.72376 18.798 0.041
5582.75640 18.930 0.051
5583.67372 19.004 0.042
5589.73193 18.789 0.035
5590.66388 19.002 0.038
5592.73739 19.033 0.040
5594.68688 19.042 0.042
5595.68505 18.922 0.034
5597.68158 19.018 0.040
5599.69052 18.967 0.043
5601.71600 19.038 0.042
5602.68806 18.822 0.029
5604.70879 18.901 0.048
5605.69474 18.955 0.037
5607.64961 18.945 0.052
5609.66512 18.851 0.060
5612.64710 18.989 0.067
5615.60168 18.906 0.035
5623.54178 19.036 0.050
5626.53749 18.935 0.047
5628.53882 18.950 0.063
5630.55600 18.950 0.044
5632.53460 18.893 0.056
5634.52782 19.036 0.070
5638.53109 18.882 0.084
5640.55130 18.754 0.056
5642.52724 18.799 0.034
5644.52784 18.874 0.040
5646.49029 18.929 0.068
5648.49105 18.884 0.062
5650.48816 19.001 0.058
5652.48874 19.000 0.046
5653.51501 18.897 0.051
5656.49104 19.000 0.047
5659.48691 18.977 0.049
5668.51581 19.003 0.061
5670.47502 19.085 0.077
5672.50715 18.973 0.052
5676.49512 18.843 0.029
5680.47113 18.785 0.060
5682.46803 18.930 0.070
5785.91747 18.763 0.039
5796.91939 18.925 0.051
5803.85329 18.950 0.040
5806.92068 19.054 0.051
5807.84902 18.836 0.042
5809.88017 18.884 0.030
5812.87594 18.952 0.036
5815.85524 18.957 0.043
5818.84428 18.870 0.044
5820.83316 18.920 0.044
5823.82562 18.916 0.040
5825.78277 18.890 0.030
5827.82560 18.851 0.032
5829.75883 18.904 0.029
5832.78322 19.157 0.034
5833.86833 19.001 0.036
5835.75931 19.081 0.043
5836.83286 18.839 0.035
5839.76160 19.138 0.046
5841.84291 18.905 0.037
5844.84606 18.918 0.059
5850.83445 18.911 0.036
5851.75754 18.888 0.038
5853.80984 19.025 0.048
5859.73906 19.064 0.043
5861.72302 19.189 0.057
5862.74953 18.854 0.029
5864.73137 18.971 0.034
5866.74126 18.983 0.042
5867.82046 18.849 0.032
5869.78187 18.911 0.036
5870.72187 19.046 0.042
5872.80487 18.822 0.037
5872.87285 18.808 0.075
5875.76602 19.015 0.043
5879.77384 19.079 0.081
5881.75361 18.814 0.043
5883.73896 18.770 0.044
5885.75094 18.891 0.051
5888.76693 18.897 0.049
5890.79364 18.868 0.043
5892.70258 18.887 0.054
5894.74448 18.881 0.035
5896.72901 18.976 0.047
5898.73971 18.944 0.040
5900.68222 19.055 0.056
5902.68255 18.998 0.057
5903.69920 18.809 0.053
5904.69729 19.072 0.047
5905.67118 18.848 0.042
5906.68303 19.042 0.055
5907.67469 18.906 0.044
5909.67886 18.919 0.044
5911.69069 19.022 0.043
5912.72522 18.762 0.034
5913.76644 19.094 0.040
5914.72328 18.841 0.029
5915.72933 19.060 0.033
5916.69904 18.908 0.038
5917.69603 19.073 0.032
5922.76388 19.056 0.035
5923.69106 18.922 0.031
5924.67209 18.967 0.036
5925.73508 18.913 0.043
5926.69785 19.090 0.041
5927.69723 19.018 0.048
5929.67117 18.984 0.043
5932.72180 18.824 0.042
5933.73431 19.092 0.056
5934.75522 18.917 0.043
5936.67634 18.859 0.044
5938.65646 18.950 0.043
5939.66500 18.865 0.043
5940.66151 18.936 0.034
5941.68987 18.838 0.038
5942.68506 19.009 0.046
5943.68591 18.842 0.036
5944.64914 19.057 0.034
5945.65875 18.965 0.037
5946.68232 18.941 0.034
5947.66598 18.968 0.050
5948.64255 18.916 0.036
5949.67211 19.049 0.055
5950.62465 18.828 0.032
5954.67012 18.928 0.028
5956.66960 18.917 0.032
5958.66628 18.955 0.034
5960.62990 18.988 0.033
5962.59924 19.123 0.063
5964.57368 19.077 0.064
5967.57934 18.913 0.046
5968.61406 18.833 0.044
5969.57983 18.975 0.038
5971.62108 19.002 0.032
5973.59706 19.018 0.031
5976.60417 19.004 0.042
5978.68047 19.081 0.039
5980.54709 19.028 0.055
5981.58913 18.950 0.042
5983.65403 18.928 0.031
5985.57606 18.845 0.033
5987.57533 18.961 0.041
5989.57643 19.047 0.042
5991.58791 18.976 0.071
5992.57261 18.854 0.040
5994.61052 18.978 0.055
5995.59361 18.948 0.058
5997.58081 18.800 0.044
6000.56527 18.968 0.040
6004.55205 19.056 0.052
6008.56081 18.778 0.031
6017.53850 18.760 0.038
6022.54552 19.063 0.060
6025.52074 18.952 0.073
6035.50108 18.865 0.044
6037.47763 18.865 0.061
6039.47643 18.937 0.068
6053.46329 18.982 0.076
6065.46321 18.974 0.073
6119.91819 18.816 0.053
6147.93288 19.157 0.084
6157.90331 18.815 0.039
6167.89480 19.047 0.048
6180.88583 18.830 0.047
6202.85552 18.849 0.044
6204.89045 18.837 0.040
6208.79912 18.975 0.039
6211.84984 18.880 0.047
6215.80175 18.877 0.036
6219.83786 19.061 0.049
6221.85239 19.040 0.044
6225.75249 19.094 0.054
6229.81131 18.902 0.053
6231.78386 18.840 0.044
6235.80351 18.854 0.033
6239.84384 19.007 0.046
6244.77790 18.847 0.031
6248.72956 18.949 0.038
6253.78962 18.937 0.032
6256.74200 19.010 0.046
6259.75182 19.001 0.058
6263.80856 19.070 0.040
6267.77218 18.854 0.037
6272.76796 19.027 0.044
6277.75360 18.955 0.028
6284.78831 19.004 0.033
6287.74986 18.832 0.042
6291.73533 18.929 0.050
6296.74112 18.918 0.037
6302.69883 18.902 0.032
6309.67775 18.917 0.036
6316.66076 18.932 0.051
6338.57194 18.834 0.037
6339.61003 19.044 0.035
6348.59970 19.027 0.056
6354.55294 18.997 0.040
6360.56316 18.898 0.033
6363.55981 19.055 0.044
6373.55272 18.968 0.042
6380.48706 18.858 0.052
6388.50354 18.993 0.047
6397.47467 19.010 0.065
6508.90524 19.078 0.046
6520.91784 18.912 0.036
6530.90422 18.939 0.047
6548.82427 19.002 0.035
6567.88539 18.998 0.047
6573.78916 19.148 0.033
6580.83693 19.141 0.042
6584.83208 19.011 0.042
6593.71016 19.130 0.060
6608.86075 18.853 0.034
6613.83323 19.057 0.058
6617.70377 18.978 0.033
6624.70933 19.028 0.036
6628.71806 18.905 0.042
6641.68579 18.922 0.044
6647.69799 18.978 0.036
6657.75780 18.827 0.030
6662.75945 18.930 0.044
6668.73554 18.887 0.035
6668.75276 18.865 0.034
6673.73327 18.838 0.056
6692.66870 18.916 0.030
6696.66408 19.064 0.043
6704.67717 18.862 0.060
6709.52774 18.997 0.038
6713.59128 18.986 0.057
6735.58413 18.886 0.042
6879.91007 18.919 0.053
6886.90000 18.886 0.035
6895.90633 18.856 0.040
6909.85420 18.917 0.055
6924.78313 18.904 0.031
6929.82271 18.898 0.049
6932.75239 19.097 0.055
6938.74215 18.928 0.053
6942.75694 18.809 0.043
6949.79308 18.841 0.034
6954.80079 18.931 0.030
6958.77087 18.851 0.049
6964.82496 19.021 0.043
6969.77566 18.872 0.047
6975.76536 18.944 0.038
6978.70640 18.853 0.035
6980.73370 18.930 0.039
6984.72483 18.971 0.047
6989.72798 18.744 0.029
6994.70463 18.949 0.041
6998.76913 18.882 0.042
7001.69342 19.066 0.051
7006.71087 19.021 0.052
7012.66159 19.056 0.042
7016.75651 18.843 0.039
7020.74737 19.001 0.052
7024.73574 19.043 0.051
7027.63233 18.755 0.053
7032.70903 18.842 0.040
7038.64047 18.840 0.034
7043.63698 18.834 0.040
7049.62315 18.908 0.036
7055.64763 19.100 0.062
7061.68045 18.879 0.059
7068.65965 19.110 0.047
7076.63705 18.918 0.044
7082.53841 18.945 0.065
7086.59699 19.065 0.081
7090.58792 18.996 0.047
7097.57535 19.176 0.057
7104.54518 19.044 0.037
7112.54068 18.878 0.060
7118.52416 18.966 0.052
7124.47728 19.025 0.047
7131.49179 19.052 0.058
7135.47084 19.093 0.062
7139.46797 18.840 0.057
7142.46645 18.960 0.051
7269.91426 19.028 0.049
7282.85311 19.112 0.058
7291.75726 19.035 0.069
7295.77011 18.974 0.046
7302.82815 18.996 0.052
7308.79509 18.786 0.041
7317.75158 18.867 0.046
7325.71262 18.993 0.047
7334.71588 18.997 0.042
7339.72046 18.884 0.032
7344.74693 18.865 0.034
7353.82809 18.895 0.065
7356.82983 19.171 0.051
7364.72826 18.818 0.039
7367.76710 19.056 0.038
7373.70442 18.903 0.037
7378.78066 18.971 0.058
7383.69035 18.962 0.048
7387.70648 19.118 0.042
7395.68459 18.872 0.054
7400.67956 18.894 0.034
7407.66952 19.026 0.053
7409.64918 19.059 0.061
7425.64220 19.004 0.042
7432.63456 19.091 0.043
7436.60724 19.142 0.050
7441.61372 18.982 0.054
7446.58824 18.849 0.028
7449.59038 18.861 0.042
7453.58243 18.858 0.031
7458.59769 18.846 0.044
7465.50031 19.023 0.047
7471.53512 18.839 0.071
7475.51161 18.870 0.042
7495.47604 18.966 0.070
