# # KIC 6763132 Kepler PDCSAP converted to OGLE-like format
# # columns: JD  mag  mag_err
2454953.53940065 -0.408778 0.000098
2454953.55983511 -0.089560 0.000130
2454953.58026947 -0.070736 0.000129
2454953.60070403 -0.071048 0.000128
2454953.62113849 -0.077943 0.000125
2454953.64157285 -0.083255 0.000122
2454953.66200731 -0.083519 0.000121
2454953.68244187 -0.077696 0.000119
2454953.70287624 -0.038268 0.000122
2454953.72331070 -0.000000 0.000124
2454953.74374526 0.034947 0.000127
2454953.76417962 0.064435 0.000129
2454953.78461408 0.086678 0.000131
2454953.80504854 0.101386 0.000132
2454953.82548300 0.110061 0.000132
2454953.84591746 0.116563 0.000133
2454953.86635192 0.122017 0.000134
2454953.88678648 0.119175 0.000134
2454953.90722084 0.103540 0.000133
2454953.92765530 0.115586 0.000133
2454953.94808986 0.163167 0.000137
2454953.96852421 0.215783 0.000141
2454953.98895867 0.229050 0.000142
2454954.00939303 0.127661 0.000134
2454954.02982759 -0.221026 0.000111
2454954.05026205 -0.455131 0.000098
2454954.07069651 -0.590754 0.000092
2454954.09113097 -0.545936 0.000094
2454954.11156543 -0.465829 0.000098
2454954.13199989 -0.392606 0.000102
2454954.15243425 -0.332375 0.000105
2454954.17286881 -0.280123 0.000108
2454954.19330327 -0.232646 0.000111
2454954.21373763 -0.188699 0.000113
2454954.23417218 -0.147336 0.000116
2454954.25460664 -0.106795 0.000119
2454954.27504100 -0.066624 0.000122
2454954.29547546 -0.026289 0.000124
2454954.31591002 0.011636 0.000127
2454954.33634448 0.045459 0.000129
2454954.35677884 0.072186 0.000131
2454954.37721339 0.090861 0.000132
2454954.39764785 0.103410 0.000133
2454954.41808221 0.111354 0.000134
2454954.43851667 0.117688 0.000134
2454954.45895123 0.121146 0.000134
2454954.47938559 0.113415 0.000134
2454954.49982004 0.099265 0.000133
2454954.52025450 0.120868 0.000134
2454954.54068906 0.173055 0.000138
2454954.56112352 0.223034 0.000142
2454954.58155788 0.228776 0.000143
2454954.60199243 0.070080 0.000131
2454954.62242689 -0.273485 0.000109
2454954.64286125 -0.500512 0.000097
2454954.66329571 -0.582076 0.000093
2454954.68373026 -0.521657 0.000096
2454954.70416462 -0.443407 0.000100
2454954.72459908 -0.374210 0.000103
2454954.74503363 -0.315542 0.000106
2454954.76546799 -0.264493 0.000109
2454954.78590245 -0.218479 0.000112
2454954.80633691 -0.175911 0.000115
2454954.82677136 -0.136551 0.000117
2454954.84720582 -0.097703 0.000119
2454954.86764028 -0.059058 0.000121
2454954.88807473 -0.020282 0.000124
2454954.90850919 0.016446 0.000126
2454954.92894365 0.048854 0.000128
2454954.94937800 0.075257 0.000130
2454954.96981256 0.093822 0.000132
2454954.99024702 0.105754 0.000133
2454955.01068137 0.115697 0.000134
2454955.03111593 0.123627 0.000134
2454955.05155039 0.128178 0.000135
2454955.07198484 0.116587 0.000134
2454955.09241920 0.107501 0.000133
2454955.11285375 0.139026 0.000136
2454955.13328821 0.190539 0.000140
2454955.15372257 0.232175 0.000143
2454955.17415712 0.213516 0.000142
2454955.19459158 -0.022924 0.000124
2454955.21502593 -0.325879 0.000106
2454955.23546039 -0.546578 0.000094
2454955.25589495 -0.578458 0.000093
2454955.27632930 -0.505792 0.000096
2454955.29676376 -0.427844 0.000100
2454955.31719831 -0.360852 0.000104
2454955.33763267 -0.303280 0.000106
2454955.35806712 -0.253356 0.000109
2454955.37850158 -0.207934 0.000112
2454955.39893613 -0.165557 0.000115
2454955.41937049 -0.126094 0.000118
2454955.43980494 -0.087372 0.000120
2454955.46023950 -0.048970 0.000123
2454955.48067385 -0.010707 0.000125
2454955.50110831 0.024727 0.000128
2454955.52154266 0.056339 0.000130
2454955.54197722 0.080960 0.000132
2454955.56241167 0.097591 0.000133
2454955.58284613 0.108545 0.000133
2454955.60328058 0.115218 0.000134
2454955.62371504 0.121402 0.000134
2454955.64414949 0.121729 0.000134
2454955.66458384 0.106456 0.000133
2454955.68501840 0.104527 0.000132
2454955.70545285 0.143304 0.000134
2454955.72588721 0.196915 0.000140
2454955.74632176 0.231684 0.000142
2454955.76675621 0.186706 0.000139
2454955.78719057 -0.115428 0.000118
2454955.80762502 -0.379801 0.000102
2454955.82805958 -0.572516 0.000093
2454955.84849403 -0.562527 0.000093
2454955.86892848 -0.485866 0.000097
2454955.88936294 -0.410932 0.000101
2454955.90979739 -0.346555 0.000104
2454955.93023184 -0.291836 0.000108
2454955.95066620 -0.243219 0.000110
2454955.97110075 -0.198623 0.000113
2454955.99153520 -0.158031 0.000116
2454956.01196956 -0.119037 0.000118
2454956.03240411 -0.080838 0.000120
2454956.05283856 -0.041620 0.000123
2454956.07327301 -0.003099 0.000126
2454956.09370737 0.032187 0.000128
2454956.11414192 0.062341 0.000130
2454956.13457637 0.084891 0.000132
2454956.15501073 0.099688 0.000133
2454956.17544528 0.108718 0.000133
2454956.19587973 0.115640 0.000134
2454956.21631408 0.121523 0.000134
2454956.23674854 0.120078 0.000134
2454956.25718309 0.103696 0.000133
2454956.27761744 0.113158 0.000134
2454956.31848644 0.211002 0.000141
2454956.33892080 0.235075 0.000143
2454956.35935525 0.149621 0.000136
2454956.37978970 -0.194108 0.000113
2454956.40022425 -0.436578 0.000100
2454956.42065860 -0.587191 0.000092
2454956.44109306 -0.548847 0.000094
2454956.46152761 -0.468873 0.000098
2454956.48196196 -0.395252 0.000102
2454956.50239641 -0.333785 0.000105
2454956.52283076 -0.280232 0.000108
2454956.54326531 -0.232432 0.000111
2454956.56369976 -0.188765 0.000114
2454956.58413421 -0.147980 0.000116
2454956.60456867 -0.108736 0.000119
2454956.62500312 -0.069904 0.000121
2454956.64543757 -0.030181 0.000124
2454956.66587192 0.008595 0.000126
2454956.68630647 0.044327 0.000129
2454956.70674092 0.073345 0.000131
2454956.72717527 0.094502 0.000132
2454956.74760982 0.106772 0.000133
2454956.76804427 0.113013 0.000134
2454956.78847862 0.117957 0.000134
2454956.80891307 0.121629 0.000134
2454956.82934762 0.115368 0.000133
2454956.84978197 0.101248 0.000132
2454956.87021642 0.120564 0.000134
2454956.89065097 0.170101 0.000138
2454956.91108542 0.219447 0.000141
2454956.93151977 0.228835 0.000142
2454956.95195422 0.088656 0.000132
2454956.97238877 -0.260657 0.000109
2454956.99282312 -0.490364 0.000097
2454957.01325757 -0.584077 0.000092
2454957.03369212 -0.526198 0.000095
2454957.05412647 -0.448164 0.000099
2454957.07456092 -0.378794 0.000103
2454957.09499537 -0.318753 0.000106
2454957.11542982 -0.266559 0.000109
2454957.13586427 -0.219776 0.000112
2454957.15629872 -0.177080 0.000115
2454957.17673326 -0.137578 0.000117
2454957.19716761 -0.098446 0.000119
2454957.21760206 -0.059783 0.000122
2454957.23803651 -0.021583 0.000124
2454957.25847096 0.014727 0.000127
2454957.27890541 0.047579 0.000129
2454957.29933986 0.074344 0.000131
2454957.31977441 0.092970 0.000133
2454957.34020875 0.104960 0.000133
2454957.36064320 0.111519 0.000134
2454957.38107765 0.117297 0.000134
2454957.40151210 0.121023 0.000134
2454957.42194655 0.109782 0.000133
2454957.44238099 0.098772 0.000133
2454957.46281554 0.126327 0.000135
2454957.48324989 0.179533 0.000139
2454957.50368434 0.225468 0.000142
2454957.52411869 0.215892 0.000142
2454957.54455323 0.002273 0.000126
2454957.56498768 -0.314250 0.000107
2454957.58542203 -0.536036 0.000095
2454957.60585658 -0.576912 0.000093
2454957.62629102 -0.507123 0.000096
2454957.64672547 -0.431279 0.000100
2454957.66715982 -0.365108 0.000104
2454957.68759436 -0.307524 0.000107
2454957.70802881 -0.256925 0.000110
2454957.72846316 -0.211305 0.000113
2454957.74889771 -0.169459 0.000115
2454957.76933215 -0.129736 0.000117
2454957.78976650 -0.090811 0.000120
2454957.81020095 -0.051416 0.000122
2454957.83063549 -0.012815 0.000125
2454957.85106984 0.023450 0.000127
2454957.87150428 0.054932 0.000129
2454957.89193873 0.079403 0.000131
2454957.91237328 0.096156 0.000133
2454957.93280762 0.106868 0.000133
2454957.95324207 0.114202 0.000134
2454957.97367661 0.120456 0.000134
2454957.99411096 0.122252 0.000134
2454958.01454541 0.107779 0.000133
2454958.03497975 0.105530 0.000133
2454958.05541430 0.142850 0.000136
2454958.09628319 0.234015 0.000143
2454958.11671763 0.195081 0.000140
2454958.13715208 -0.092322 0.000120
2454958.15758653 -0.366539 0.000104
2454958.17802087 -0.566893 0.000093
2454958.19845542 -0.565716 0.000093
2454958.21888986 -0.490062 0.000097
2454958.23932421 -0.414533 0.000101
2454958.25975875 -0.350224 0.000104
2454958.28019320 -0.294751 0.000107
2454958.30062754 -0.245496 0.000110
2454958.32106198 -0.200899 0.000113
2454958.34149653 -0.160174 0.000115
2454958.36193087 -0.121281 0.000118
2454958.38236532 -0.082528 0.000120
2454958.40279986 -0.043599 0.000123
2454958.42323431 -0.005490 0.000125
2454958.44366865 0.030381 0.000128
2454958.46410309 0.060178 0.000130
2454958.48453764 0.082908 0.000131
2454958.50497198 0.099035 0.000133
2454958.52540643 0.108152 0.000133
2454958.54584097 0.115316 0.000134
2454958.56627531 0.121241 0.000134
2454958.58670976 0.120677 0.000134
2454958.60714420 0.104917 0.000133
2454958.62757864 0.111587 0.000134
2454958.64801319 0.155613 0.000137
2454958.66844753 0.208147 0.000141
2454958.68888207 0.234022 0.000143
2454958.70931652 0.160294 0.000137
2454958.72975086 -0.176424 0.000114
2454958.75018530 -0.421189 0.000100
2454958.77061985 -0.581835 0.000093
2454958.79105419 -0.546884 0.000094
2454958.81148863 -0.467990 0.000098
2454958.83192317 -0.395973 0.000102
2454958.85235752 -0.334399 0.000105
2454958.87279196 -0.281135 0.000108
2454958.89322640 -0.233864 0.000111
2454958.91366084 -0.191024 0.000114
2454958.93409529 -0.149538 0.000116
2454958.95452973 -0.110842 0.000118
2454958.97496427 -0.072587 0.000121
2454958.99539861 -0.034027 0.000123
2454959.01583305 0.002789 0.000126
2454959.03626740 0.036856 0.000128
2454959.05670194 0.065198 0.000130
2454959.07713638 0.087037 0.000132
2454959.09757072 0.099819 0.000132
2454959.11800526 0.107871 0.000133
2454959.13843970 0.113448 0.000133
2454959.15887414 0.118174 0.000133
2454959.17930848 0.112996 0.000133
2454959.19974303 0.098789 0.000132
2454959.22017747 0.116891 0.000133
2454959.24061181 0.168387 0.000137
2454959.28148079 0.234216 0.000143
2454959.30191513 0.109712 0.000133
2454959.32234957 -0.242410 0.000111
2454959.34278411 -0.472158 0.000098
2454959.36321845 -0.583225 0.000093
2454959.38365289 -0.531457 0.000095
2454959.40408743 -0.452402 0.000099
2454959.42452187 -0.382399 0.000103
2454959.44495621 -0.322718 0.000106
2454959.46539065 -0.269990 0.000109
2454959.48582519 -0.224021 0.000112
2454959.50625953 -0.181563 0.000114
2454959.52669397 -0.141913 0.000116
2454959.54712831 -0.103339 0.000119
2454959.56756285 -0.064673 0.000122
2454959.58799729 -0.025731 0.000124
2454959.60843173 0.011693 0.000127
2454959.62886617 0.044633 0.000129
2454959.64930061 0.072335 0.000131
2454959.66973505 0.091969 0.000132
2454959.69016939 0.105129 0.000133
2454959.71060392 0.113202 0.000134
2454959.73103836 0.119761 0.000134
2454959.75147270 0.123843 0.000134
2454959.77190724 0.114341 0.000134
2454959.79234168 0.101096 0.000132
2454959.81277602 0.127740 0.000135
2454959.83321046 0.180886 0.000139
2454959.85364500 0.227557 0.000142
2454959.87407933 0.221460 0.000142
2454959.89451377 0.025879 0.000128
2454959.91494831 -0.301250 0.000107
2454959.93538275 -0.524110 0.000095
2454959.95581709 -0.579998 0.000092
2454959.97625152 -0.513448 0.000095
2454959.99668606 -0.436761 0.000099
2454960.01712050 -0.368851 0.000103
2454960.03755484 -0.310364 0.000106
2454960.05798937 -0.259495 0.000109
2454960.07842381 -0.213678 0.000112
2454960.09885815 -0.171420 0.000115
2454960.11929259 -0.132094 0.000118
2454960.13972712 -0.093649 0.000120
2454960.16016156 -0.055348 0.000122
2454960.18059590 -0.016820 0.000125
2454960.20103043 0.019067 0.000127
2454960.22146487 0.051059 0.000129
2454960.24189921 0.076673 0.000131
2454960.26233364 0.095046 0.000133
2454960.28276818 0.106290 0.000133
2454960.30320252 0.113646 0.000134
2454960.32363695 0.120257 0.000134
2454960.34407149 0.123406 0.000134
2454960.36450583 0.110501 0.000133
2454960.38494026 0.104767 0.000133
2454960.40537470 0.140039 0.000136
2454960.42580913 0.194832 0.000140
2454960.44624357 0.234001 0.000143
2454960.46667800 0.202948 0.000141
2454960.48711254 -0.069557 0.000121
2454960.50754688 -0.350823 0.000105
2454960.52798131 -0.558024 0.000094
2454960.54841565 -0.567116 0.000093
2454960.56885018 -0.493792 0.000097
2454960.58928462 -0.418887 0.000101
2454960.65058792 -0.248109 0.000110
2454960.67102236 -0.203326 0.000113
2454960.69145669 -0.162579 0.000116
2454960.71189123 -0.123454 0.000118
2454960.73232566 -0.085078 0.000120
2454960.75275999 -0.046429 0.000123
2454960.77319443 -0.008770 0.000125
2454960.79362896 0.027140 0.000128
2454960.81406330 0.057493 0.000130
2454960.83449773 0.081215 0.000132
2454960.85493226 0.097526 0.000133
2454960.87536660 0.107233 0.000133
2454960.89580103 0.113756 0.000134
2454960.91623547 0.119485 0.000134
2454960.93666990 0.120987 0.000134
2454960.95710433 0.106507 0.000133
2454960.97753877 0.108603 0.000134
2454960.99797330 0.150564 0.000136
2454961.01840763 0.203785 0.000141
2454961.03884207 0.233516 0.000143
2454961.05927640 0.169825 0.000138
2454961.07971093 -0.157141 0.000116
2454961.10014536 -0.410532 0.000102
2454961.12057980 -0.582034 0.000093
2454961.14101423 -0.554568 0.000094
2454961.16144866 -0.475623 0.000098
2454961.18188310 -0.401728 0.000102
2454961.20231743 -0.338708 0.000105
2454961.22275196 -0.284609 0.000108
2454961.24318639 -0.236998 0.000111
2454961.26362072 -0.193368 0.000113
2454961.28405526 -0.153201 0.000116
2454961.30448969 -0.114067 0.000118
2454961.32492402 -0.075378 0.000121
2454961.36579298 0.000910 0.000126
2454961.38622741 0.035603 0.000128
2454961.40666185 0.064677 0.000130
2454961.42709628 0.086590 0.000132
2454961.44753071 0.101587 0.000133
2454961.46796514 0.110672 0.000134
2454961.48839947 0.117152 0.000134
2454961.50883400 0.122527 0.000134
2454961.52926843 0.118888 0.000134
2454961.54970276 0.102921 0.000133
2454961.57013729 0.115863 0.000134
2454961.59057172 0.163476 0.000138
2454961.61100606 0.215423 0.000142
2454961.63144049 0.232809 0.000143
2454961.65187502 0.123708 0.000135
2454961.67230945 -0.230146 0.000111
2454961.69274378 -0.466556 0.000098
2454961.71317831 -0.586725 0.000092
2454961.73361274 -0.536364 0.000095
2454961.75404707 -0.457934 0.000098
2454961.77448150 -0.386752 0.000102
2454961.81535035 -0.272988 0.000108
2454961.83578478 -0.226109 0.000110
2454961.85621921 -0.183356 0.000112
2454961.87665364 -0.143150 0.000115
2454961.89708807 -0.104758 0.000118
2454961.91752250 -0.065814 0.000121
2454961.93795693 -0.027130 0.000124
2454961.95839136 0.010334 0.000126
2454961.97882579 0.044469 0.000129
2454961.99926012 0.072130 0.000131
2454962.01969464 0.091734 0.000132
2454962.04012907 0.105361 0.000133
2454962.06056340 0.113205 0.000134
2454962.08099793 0.119047 0.000134
2454962.10143236 0.122785 0.000135
2454962.12186679 0.114937 0.000134
2454962.14230111 0.101419 0.000133
2454962.16273564 0.124802 0.000135
2454962.18317007 0.176332 0.000138
2454962.20360440 0.224163 0.000142
2454962.22403893 0.222232 0.000142
2454962.24447335 0.047411 0.000129
2454962.26490768 -0.290751 0.000108
2454962.28534211 -0.517492 0.000096
2454962.30577663 -0.583077 0.000092
2454962.32621096 -0.517497 0.000096
2454962.34664539 -0.439403 0.000100
2454962.36707992 -0.371301 0.000103
2454962.38751424 -0.312451 0.000106
2454962.40794867 -0.262014 0.000109
2454962.42838310 -0.216834 0.000112
2454962.44881762 -0.174620 0.000114
2454962.46925195 -0.134485 0.000116
2454962.48968638 -0.095562 0.000118
2454962.51012090 -0.058177 0.000121
2454962.53055523 -0.017846 0.000124
2454962.55098965 0.017902 0.000126
2454962.57142408 0.050372 0.000128
2454962.59185850 0.075631 0.000131
2454962.61229293 0.093622 0.000132
2454962.63272736 0.105108 0.000133
2454962.65316178 0.113043 0.000134
2454962.67359621 0.119503 0.000134
2454962.69403063 0.123596 0.000134
2454962.71446506 0.110883 0.000133
2454962.73489948 0.102380 0.000133
2454962.75533391 0.134941 0.000135
2454962.77576833 0.188082 0.000139
2454962.79620286 0.229278 0.000142
2454962.81663718 0.205607 0.000140
2454962.83707161 -0.047546 0.000122
2454962.85750603 -0.343449 0.000104
2454962.87794046 -0.554648 0.000093
2454962.89837488 -0.572965 0.000092
2454962.91880930 -0.499558 0.000096
2454962.93924373 -0.423810 0.000100
2454962.95967815 -0.357405 0.000104
2454962.98011258 -0.300625 0.000106
2454963.00054690 -0.251291 0.000109
2454963.02098142 -0.205736 0.000112
2454963.04141585 -0.164316 0.000115
2454963.06185017 -0.124981 0.000117
2454963.08228459 -0.086751 0.000119
2454963.10271912 -0.047537 0.000122
2454963.12315344 -0.010548 0.000124
2454963.14358786 0.024508 0.000126
2454963.16402239 0.055476 0.000128
2454963.18445681 0.079019 0.000130
2454963.20489113 0.095196 0.000131
2454963.22532556 0.104964 0.000132
2454963.24576008 0.114915 0.000132
