# # KIC 7198959 Kepler PDCSAP converted to OGLE-like format
# # columns: JD  mag  mag_err
2454964.51240401 0.135239 0.000008
2454964.53283857 0.153207 0.000008
2454964.55327303 0.170810 0.000009
2454964.57370739 0.185180 0.000009
2454964.59414186 0.185835 0.000009
2454964.61457642 0.170631 0.000009
2454964.63501078 0.170615 0.000009
2454964.65544524 0.196473 0.000009
2454964.67587980 0.226971 0.000009
2454964.69631426 0.226767 0.000009
2454964.71674862 0.114105 0.000008
2454964.73718308 -0.202356 0.000007
2454964.75761764 -0.503030 0.000006
2454964.77805200 -0.560327 0.000006
2454964.79848646 -0.526951 0.000006
2454964.81892102 -0.440522 0.000007
2454964.83935538 -0.360788 0.000007
2454964.85978984 -0.300086 0.000007
2454964.88022430 -0.247886 0.000007
2454964.90065876 -0.196232 0.000007
2454964.92109322 -0.146168 0.000007
2454964.94152768 -0.099426 0.000008
2454964.96196214 -0.054639 0.000008
2454964.98239660 -0.011098 0.000008
2454965.00283105 0.031158 0.000008
2454965.02326541 0.071298 0.000008
2454965.04369997 0.107612 0.000008
2454965.06413443 0.139253 0.000008
2454965.08456879 0.165618 0.000009
2454965.10500325 0.187019 0.000009
2454965.12543781 0.202538 0.000009
2454965.14587217 0.208091 0.000009
2454965.16630663 0.203590 0.000009
2454965.18674118 0.196113 0.000009
2454965.20717564 0.186995 0.000009
2454965.22761000 0.188078 0.000009
2454965.24804446 0.197197 0.000009
2454965.26847902 0.179168 0.000009
2454965.28891338 0.026651 0.000008
2454965.30934783 -0.341563 0.000007
2454965.32978239 -0.546718 0.000006
2454965.35021675 -0.543941 0.000006
2454965.37065121 -0.465796 0.000006
2454965.39108567 -0.388419 0.000007
2454965.41152012 -0.324728 0.000007
2454965.43195458 -0.270531 0.000007
2454965.45238904 -0.222733 0.000007
2454965.47282360 -0.177746 0.000007
2454965.49325795 -0.134027 0.000007
2454965.51369241 -0.090369 0.000008
2454965.53412677 -0.042587 0.000008
2454965.55456132 -0.004897 0.000008
2454965.57499578 0.035526 0.000008
2454965.59543014 0.072201 0.000008
2454965.61586470 0.103512 0.000008
2454965.63629915 0.128795 0.000008
2454965.65673361 0.148714 0.000008
2454965.67716797 0.166690 0.000009
2454965.69760252 0.176829 0.000009
2454965.71803698 0.183126 0.000009
2454965.73847134 0.174388 0.000009
2454965.75890589 0.162476 0.000009
2454965.77934035 0.177125 0.000009
2454965.79977470 0.204845 0.000009
2454965.82020916 0.221194 0.000009
2454965.84064372 0.161186 0.000009
2454965.86107807 -0.050998 0.000008
2454965.88151253 -0.396582 0.000007
2454965.90194708 -0.567176 0.000006
2454965.92238144 -0.546933 0.000006
2454965.94281590 -0.468152 0.000006
2454965.96325035 -0.383650 0.000007
2454965.98368491 -0.324015 0.000007
2454966.00411926 -0.269931 0.000007
2454966.02455372 -0.217468 0.000007
2454966.04498817 -0.165464 0.000007
2454966.06542263 -0.116500 0.000008
2454966.08585708 -0.069994 0.000008
2454966.10629154 -0.020449 0.000008
2454966.12672599 0.016545 0.000008
2454966.14716045 0.057128 0.000008
2454966.16759490 0.094762 0.000008
2454966.18802936 0.131162 0.000008
2454966.20846391 0.156371 0.000009
2454966.22889827 0.178912 0.000009
2454966.24933272 0.196247 0.000009
2454966.26976718 0.206141 0.000009
2454966.29020163 0.201398 0.000009
2454966.31063608 0.188825 0.000009
2454966.33107044 0.184696 0.000009
2454966.35150499 0.187291 0.000009
2454966.37193945 0.192070 0.000009
2454966.39237390 0.186639 0.000009
2454966.41280835 0.074206 0.000008
2454966.43324281 -0.192967 0.000007
2454966.45367726 -0.475194 0.000006
2454966.47411162 -0.542535 0.000006
2454966.49454617 -0.494523 0.000006
2454966.51498062 -0.412467 0.000007
2454966.53541498 -0.345050 0.000007
2454966.55584953 -0.290977 0.000007
2454966.57628398 -0.243813 0.000007
2454966.59671834 -0.199043 0.000007
2454966.61715279 -0.155272 0.000007
2454966.63758734 -0.111798 0.000008
2454966.65802179 -0.068229 0.000008
2454966.67845615 -0.025674 0.000008
2454966.69889070 0.015101 0.000008
2454966.71932515 0.053198 0.000008
2454966.73975950 0.087067 0.000008
2454966.76019396 0.119055 0.000008
2454966.78062851 0.136432 0.000008
2454966.80106286 0.152233 0.000009
2454966.82149731 0.163610 0.000009
2454966.84193177 0.172631 0.000009
2454966.86236622 0.177432 0.000009
2454966.88280067 0.169592 0.000009
2454966.90323512 0.166327 0.000009
2454966.92366957 0.187362 0.000009
2454966.94410402 0.215294 0.000009
2454966.96453848 0.201102 0.000009
2454966.98497283 0.054258 0.000008
2454967.00540738 -0.303944 0.000007
2454967.02584183 -0.558486 0.000006
2454967.04627618 -0.565421 0.000006
2454967.06671073 -0.494713 0.000006
2454967.08714518 -0.409940 0.000007
2454967.10757953 -0.337022 0.000007
2454967.12801399 -0.280850 0.000007
2454967.14844854 -0.227989 0.000007
2454967.16888299 -0.176610 0.000007
2454967.18931734 -0.128293 0.000007
2454967.20975189 -0.082552 0.000008
2454967.23018634 -0.033612 0.000008
2454967.25062069 0.002240 0.000008
2454967.27105514 0.042674 0.000008
2454967.29148969 0.081297 0.000008
2454967.31192404 0.116475 0.000008
2454967.33235849 0.146053 0.000008
2454967.35279304 0.168534 0.000009
2454967.37322739 0.184385 0.000009
2454967.41409629 0.195538 0.000009
2454967.43453074 0.185276 0.000009
2454967.45496519 0.173489 0.000009
2454967.47539964 0.166446 0.000009
2454967.49583419 0.167945 0.000009
2454967.51626854 0.177691 0.000009
2454967.53670299 0.139597 0.000008
2454967.55713733 -0.043778 0.000008
2454967.57757188 -0.403340 0.000007
2454967.59800633 -0.551715 0.000006
2454967.61844068 -0.528211 0.000006
2454967.63887513 -0.441269 0.000007
2454967.65930968 -0.363293 0.000007
2454967.67974413 -0.302071 0.000007
2454967.70017858 -0.250305 0.000007
2454967.72061302 -0.204364 0.000007
2454967.74104747 -0.161705 0.000007
2454967.76148182 -0.121357 0.000008
2454967.78191627 -0.082218 0.000008
2454967.80235082 -0.040674 0.000008
2454967.82278526 0.005417 0.000008
2454967.84321961 0.040584 0.000008
2454967.86365416 0.078235 0.000008
2454967.88408861 0.110488 0.000008
2454967.90452306 0.133041 0.000008
2454967.92495740 0.147138 0.000008
2454967.94539195 0.155836 0.000009
2454967.96582640 0.160879 0.000009
2454967.98626075 0.162316 0.000009
2454968.00669529 0.159411 0.000009
2454968.02712974 0.158810 0.000009
2454968.04756409 0.175012 0.000009
2454968.06799853 0.200701 0.000009
2454968.08843308 0.201800 0.000009
2454968.10886743 0.092678 0.000008
2454968.12930187 -0.160347 0.000007
2454968.14973642 -0.451784 0.000006
2454968.17017087 -0.559923 0.000006
2454968.19060521 -0.528035 0.000006
2454968.21103966 -0.441650 0.000007
2454968.23147420 -0.363483 0.000007
2454968.25190855 -0.306915 0.000007
2454968.27234300 -0.252671 0.000007
2454968.29277734 -0.193781 0.000007
2454968.31321189 -0.149829 0.000007
2454968.33364633 -0.102595 0.000008
2454968.35408068 -0.057766 0.000008
2454968.37451523 -0.014907 0.000008
2454968.39494967 0.026340 0.000008
2454968.41538412 0.065482 0.000008
2454968.43581846 0.100888 0.000008
2454968.45625301 0.130974 0.000008
2454968.47668745 0.154202 0.000009
2454968.49712180 0.171151 0.000009
2454968.51755634 0.183766 0.000009
2454968.53799079 0.192242 0.000009
2454968.55842513 0.195450 0.000009
2454968.57885958 0.189545 0.000009
2454968.59929412 0.174031 0.000009
2454968.61972846 0.166446 0.000009
2454968.64016291 0.168973 0.000009
2454968.66059745 0.158179 0.000009
2454968.68103190 0.018889 0.000008
2454968.70146624 -0.308289 0.000007
2454968.72190069 -0.519851 0.000006
2454968.74233523 -0.528419 0.000006
2454968.76276957 -0.449897 0.000007
2454968.78320402 -0.370960 0.000007
2454968.80363856 -0.308150 0.000007
2454968.82407290 -0.257353 0.000007
2454968.84450735 -0.212968 0.000007
2454968.86494179 -0.171763 0.000007
2454968.88537623 -0.132213 0.000007
2454968.90581068 -0.093420 0.000008
2454968.92624512 -0.055008 0.000008
2454968.94667946 -0.010090 0.000008
2454968.96711401 0.024034 0.000008
2454968.98754845 0.060906 0.000008
2454969.00798279 0.092645 0.000008
2454969.02841733 0.116271 0.000008
2454969.04885178 0.131105 0.000008
2454969.06928612 0.138655 0.000008
2454969.08972056 0.142135 0.000008
2454969.11015510 0.144273 0.000008
2454969.13058954 0.145152 0.000008
2454969.15102389 0.143320 0.000008
2454969.17145843 0.155969 0.000009
2454969.19189287 0.182107 0.000009
2454969.21232721 0.207391 0.000009
2454969.23276165 0.163046 0.000009
2454969.25319620 -0.019292 0.000008
2454969.27363054 -0.351551 0.000007
2454969.29406498 -0.558342 0.000006
2454969.31449952 -0.546139 0.000006
2454969.33493386 -0.461265 0.000007
2454969.35536830 -0.382012 0.000007
2454969.37580274 -0.321294 0.000007
2454969.39623718 -0.268007 0.000007
2454969.41667162 -0.212106 0.000007
2454969.43710606 -0.164223 0.000007
2454969.45754061 -0.116703 0.000008
2454969.47797495 -0.071995 0.000008
2454969.49840939 -0.029832 0.000008
2454969.51884383 0.010817 0.000008
2454969.53927827 0.050354 0.000008
2454969.55971271 0.087796 0.000008
2454969.58014715 0.120762 0.000008
2454969.60058159 0.146234 0.000008
2454969.62101603 0.162643 0.000009
2454969.64145047 0.173137 0.000009
2454969.66188491 0.182090 0.000009
2454969.68231935 0.185301 0.000009
2454969.70275379 0.183842 0.000009
2454969.72318822 0.187108 0.000009
2454969.74362256 0.189902 0.000009
2454969.76405710 0.180006 0.000009
2454969.78449154 0.156792 0.000009
2454969.80492588 0.062716 0.000008
2454969.82536042 -0.170988 0.000007
2454969.84579486 -0.450733 0.000007
2454969.86622930 -0.522420 0.000006
2454969.88666364 -0.472175 0.000006
2454969.90709817 -0.394130 0.000007
2454969.92753261 -0.327441 0.000007
2454969.94796695 -0.273596 0.000007
2454969.96840149 -0.226648 0.000007
2454969.98883593 -0.183288 0.000007
2454970.00927026 -0.142664 0.000007
2454970.02970470 -0.103680 0.000008
2454970.05013924 -0.065482 0.000008
2454970.07057358 -0.027438 0.000008
2454970.09100802 0.010894 0.000008
2454970.11144255 0.048402 0.000008
2454970.13187689 0.082648 0.000008
2454970.15231133 0.110676 0.000008
2454970.17274577 0.129987 0.000008
2454970.19318030 0.140108 0.000008
2454970.21361464 0.142538 0.000008
2454970.23404908 0.143555 0.000008
2454970.25448341 0.135098 0.000008
2454970.27491795 0.125714 0.000008
2454970.29535239 0.134033 0.000008
2454970.31578672 0.158057 0.000009
2454970.33622126 0.192653 0.000009
2454970.35665570 0.188764 0.000009
2454970.39752447 -0.225617 0.000007
2454970.41795900 -0.483129 0.000006
2454970.43839344 -0.530347 0.000006
2454970.45882778 -0.471692 0.000006
2454970.47926231 -0.397859 0.000007
2454970.49969675 -0.333724 0.000007
2454970.52013108 -0.283477 0.000007
2454970.54056552 -0.233113 0.000007
2454970.56100005 -0.185620 0.000007
2454970.58143439 -0.137299 0.000007
2454970.60186882 -0.093922 0.000008
2454970.62230336 -0.054405 0.000008
2454970.64273779 -0.013438 0.000008
2454970.66317213 0.026491 0.000008
2454970.68360656 0.064322 0.000008
2454970.70404110 0.097894 0.000008
2454970.72447543 0.124428 0.000008
2454970.74490987 0.141946 0.000008
2454970.76534440 0.153415 0.000009
2454970.78577873 0.162952 0.000009
2454970.80621317 0.170872 0.000009
2454970.82664750 0.172749 0.000009
2454970.84708204 0.174533 0.000009
2454970.86751647 0.173385 0.000009
2454970.88795090 0.171590 0.000009
2454970.90838524 0.169852 0.000009
2454970.92881977 0.134428 0.000008
2454970.94925420 -0.061002 0.000008
2454970.96968854 -0.395267 0.000007
2454970.99012307 -0.536178 0.000006
2454971.01055750 -0.508835 0.000006
2454971.03099184 -0.416920 0.000007
2454971.05142627 -0.338631 0.000007
2454971.07186080 -0.277820 0.000007
2454971.09229523 -0.227606 0.000007
2454971.11272957 -0.183211 0.000007
2454971.13316410 -0.142723 0.000007
2454971.15359853 -0.104524 0.000008
2454971.17403286 -0.067587 0.000008
2454971.19446730 -0.031190 0.000008
2454971.21490183 0.006294 0.000008
2454971.23533626 0.044326 0.000008
2454971.25577059 0.080147 0.000008
2454971.27620512 0.110655 0.000008
2454971.29663956 0.131840 0.000008
2454971.31707389 0.142100 0.000008
2454971.33750832 0.142866 0.000008
2454971.35794285 0.138342 0.000008
2454971.37837728 0.133600 0.000008
2454971.39881161 0.130213 0.000008
2454971.41924614 0.123018 0.000008
2454971.43968057 0.129955 0.000008
2454971.46011490 0.159117 0.000009
2454971.48054934 0.172193 0.000009
2454971.50098387 0.081225 0.000008
2454971.52141820 -0.130666 0.000008
2454971.54185263 -0.361662 0.000007
2454971.56228706 -0.508319 0.000006
2454971.58272149 -0.483458 0.000006
2454971.60315592 -0.404721 0.000007
2454971.62359035 -0.339689 0.000007
2454971.64402478 -0.280414 0.000007
2454971.66445921 -0.236891 0.000007
2454971.68489364 -0.188436 0.000007
2454971.70532797 -0.146596 0.000007
2454971.72576249 -0.105118 0.000008
2454971.74619692 -0.065444 0.000008
2454971.76663125 -0.027181 0.000008
2454971.78706578 0.010287 0.000008
2454971.80750021 0.046108 0.000008
2454971.82793454 0.078822 0.000008
2454971.84836897 0.106286 0.000008
2454971.86880350 0.125642 0.000008
2454971.88923793 0.135277 0.000008
2454971.90967225 0.139502 0.000008
2454971.93010678 0.146043 0.000008
2454971.95054121 0.153771 0.000009
2454971.97097554 0.154729 0.000009
2454971.99140997 0.160448 0.000009
2454972.01184450 0.173395 0.000009
2454972.03227882 0.183222 0.000009
2454972.05271325 0.170134 0.000009
2454972.07314778 0.042967 0.000008
2454972.09358211 -0.270606 0.000007
2454972.11401653 -0.511266 0.000006
2454972.13445096 -0.532028 0.000006
2454972.15488539 -0.446189 0.000007
2454972.17531981 -0.367033 0.000007
2454972.19575424 -0.301472 0.000007
2454972.21618857 -0.248381 0.000007
2454972.23662310 -0.202079 0.000007
2454972.25705752 -0.159399 0.000007
2454972.27749185 -0.119260 0.000008
2454972.29792637 -0.081181 0.000008
2454972.31836080 -0.044699 0.000008
2454972.33879523 -0.007944 0.000008
2454972.35922955 0.029402 0.000008
2454972.37966408 0.065962 0.000008
2454972.40009851 0.098140 0.000008
2454972.42053283 0.121740 0.000008
2454972.44096736 0.134617 0.000008
2454972.46140178 0.138573 0.000008
2454972.48183611 0.136909 0.000008
2454972.50227053 0.132810 0.000008
2454972.52270506 0.126791 0.000008
2454972.54313938 0.117658 0.000008
2454972.56357381 0.124842 0.000008
2454972.58400833 0.151422 0.000009
2454972.60444266 0.178403 0.000009
2454972.62487708 0.156344 0.000009
2454972.64531151 -0.041480 0.000008
2454972.66574603 -0.332017 0.000007
2454972.68618036 -0.492158 0.000006
2454972.70661478 -0.485653 0.000006
2454972.72704920 -0.409293 0.000007
2454972.74748363 -0.338488 0.000007
2454972.76791805 -0.281540 0.000007
2454972.78835248 -0.233251 0.000007
2454972.80878690 -0.189059 0.000007
2454972.82922132 -0.147553 0.000007
2454972.84965575 -0.108351 0.000008
2454972.87009017 -0.071489 0.000008
2454972.89052459 -0.035961 0.000008
2454972.91095902 -0.001048 0.000008
2454972.93139344 0.033183 0.000008
2454972.95182796 0.065676 0.000008
2454972.97226229 0.093969 0.000008
2454972.99269671 0.114243 0.000008
2454973.01313103 0.121634 0.000008
2454973.03356555 0.122098 0.000008
2454973.05399998 0.125799 0.000008
2454973.07443440 0.134392 0.000008
2454973.09486882 0.138364 0.000008
2454973.11530324 0.141929 0.000008
2454973.13573766 0.150880 0.000009
2454973.15617199 0.162376 0.000009
2454973.17660651 0.166226 0.000009
2454973.19704093 0.103018 0.000008
2454973.21747525 -0.123867 0.000008
2454973.23790977 -0.431355 0.000007
2454973.25834419 -0.521470 0.000006
2454973.27877851 -0.472303 0.000006
2454973.29921293 -0.384783 0.000007
2454973.31964746 -0.314001 0.000007
2454973.34008178 -0.255691 0.000007
2454973.38095062 -0.163662 0.000007
2454973.40138514 -0.124169 0.000008
2454973.42181946 -0.087412 0.000008
2454973.44225388 -0.052443 0.000008
2454973.46268840 -0.018151 0.000008
2454973.48312272 0.016727 0.000008
2454973.50355714 0.051999 0.000008
2454973.52399146 0.085393 0.000008
2454973.54442598 0.113247 0.000008
2454973.56486040 0.131014 0.000008
2454973.58529482 0.137588 0.000008
2454973.60572924 0.136306 0.000008
2454973.62616366 0.130498 0.000008
2454973.64659807 0.123249 0.000008
2454973.66703239 0.113930 0.000008
2454973.68746691 0.112343 0.000008
2454973.70790133 0.131857 0.000008
2454973.72833565 0.157285 0.000009
2454973.74877017 0.161241 0.000009
2454973.76920459 0.024825 0.000008
2454973.78963890 -0.228200 0.000007
2454973.81007332 -0.413673 0.000007
2454973.83050784 -0.465369 0.000006
2454973.85094226 -0.420841 0.000007
2454973.87137658 -0.352507 0.000007
2454973.89181099 -0.294507 0.000007
2454973.91224551 -0.244886 0.000007
2454973.93267983 -0.199913 0.000007
2454973.95311425 -0.157700 0.000007
2454973.97354876 -0.117690 0.000008
2454973.99398308 -0.079587 0.000008
2454974.01441750 -0.043326 0.000008
2454974.03485192 -0.008720 0.000008
2454974.05528633 0.023892 0.000008
2454974.07572075 0.053457 0.000008
2454974.09615517 0.078709 0.000008
2454974.11658958 0.098308 0.000008
2454974.13702400 0.109769 0.000008
2454974.15745841 0.110914 0.000008
2454974.17789273 0.107499 0.000008
2454974.19832725 0.109043 0.000008
2454974.21876166 0.113706 0.000008
2454974.23919598 0.115797 0.000008
2454974.25963049 0.129593 0.000008
2454974.28006491 0.153553 0.000009
2454974.30049922 0.175401 0.000009
2454974.32093364 0.161762 0.000009
2454974.34136815 0.007872 0.000008
2454974.36180257 -0.322728 0.000007
2454974.38223688 -0.508646 0.000006
2454974.40267130 -0.498378 0.000006
2454974.42310581 -0.410850 0.000007
2454974.44354023 -0.331898 0.000007
2454974.46397454 -0.271116 0.000007
2454974.48440906 -0.220423 0.000007
2454974.50484347 -0.177287 0.000007
2454974.52527779 -0.138803 0.000007
2454974.54571220 -0.102673 0.000008
2454974.56614661 -0.068301 0.000008
2454974.58658113 -0.034787 0.000008
2454974.60701544 -0.000797 0.000008
2454974.62744995 0.033682 0.000008
2454974.64788437 0.067177 0.000008
2454974.66831868 0.096141 0.000008
2454974.68875309 0.115857 0.000008
2454974.70918761 0.123541 0.000008
2454974.72962192 0.123110 0.000008
2454974.75005633 0.120262 0.000008
2454974.77049085 0.118140 0.000008
2454974.79092516 0.116892 0.000008
2454974.81135957 0.110167 0.000008
2454974.83179398 0.120036 0.000008
2454974.85222840 0.146042 0.000009
2454974.87266281 0.160890 0.000009
2454974.89309722 0.089479 0.000008
2454974.91353173 -0.148858 0.000007
2454974.93396604 -0.360610 0.000007
2454974.95440045 -0.452651 0.000007
2454974.97483477 -0.428375 0.000007
2454974.99526928 -0.359876 0.000007
2454975.01570369 -0.296851 0.000007
2454975.03613800 -0.244575 0.000007
2454975.05657241 -0.199551 0.000007
2454975.07700692 -0.158932 0.000007
2454975.09744133 -0.121296 0.000008
2454975.11787564 -0.085631 0.000008
2454975.13831015 -0.052036 0.000008
2454975.15874456 -0.019575 0.000008
2454975.17917887 0.011911 0.000008
2454975.19961328 0.041429 0.000008
2454975.22004779 0.067290 0.000008
2454975.24048210 0.088081 0.000008
2454975.26091651 0.102425 0.000008
2454975.28135102 0.107162 0.000008
2454975.30178533 0.098580 0.000008
2454975.32221974 0.092076 0.000008
2454975.34265415 0.099223 0.000008
2454975.36308866 0.108800 0.000008
2454975.38352297 0.115569 0.000008
2454975.40395738 0.133470 0.000008
2454975.42439189 0.156897 0.000009
2454975.44482620 0.160929 0.000009
2454975.46526061 0.079339 0.000008
2454975.48569491 -0.159251 0.000007
2454975.50612942 -0.427661 0.000007
2454975.52656383 -0.483358 0.000006
2454975.54699824 -0.427007 0.000007
2454975.56743255 -0.350526 0.000007
2454975.58786705 -0.286616 0.000007
2454975.60830146 -0.230490 0.000007
2454975.62873577 -0.188630 0.000007
2454975.64917028 -0.149253 0.000007
2454975.66960468 -0.112502 0.000008
2454975.69003899 -0.077945 0.000008
2454975.71047340 -0.045180 0.000008
2454975.73090791 -0.013457 0.000008
2454975.75134221 0.017621 0.000008
2454975.77177662 0.047668 0.000008
2454975.79221113 0.075255 0.000008
2454975.81264543 0.097479 0.000008
2454975.83307984 0.110591 0.000008
2454975.85351425 0.113037 0.000008
2454975.87394875 0.109484 0.000008
2454975.89438306 0.106321 0.000008
2454975.91481746 0.105938 0.000008
2454975.93525197 0.105412 0.000008
2454975.95568627 0.114385 0.000008
2454975.97612068 0.140560 0.000008
2454975.99655499 0.167527 0.000009
2454976.01698949 0.155149 0.000009
2454976.03742390 -0.021426 0.000008
2454976.05785830 -0.300769 0.000007
2454976.07829271 -0.434037 0.000007
2454976.09872711 -0.436897 0.000007
2454976.11916152 -0.373289 0.000007
2454976.13959592 -0.307920 0.000007
2454976.16003032 -0.252777 0.000007
2454976.18046473 -0.205809 0.000007
2454976.20089903 -0.164211 0.000007
2454976.22133344 -0.126643 0.000008
2454976.24176794 -0.091560 0.000008
2454976.26220234 -0.058078 0.000008
2454976.28263675 -0.025974 0.000008
2454976.30307115 0.004800 0.000008
2454976.32350555 0.032966 0.000008
2454976.36437426 0.075653 0.000008
2454976.38480876 0.089671 0.000008
2454976.40524317 0.097675 0.000008
2454976.42567747 0.092773 0.000008
2454976.44611197 0.082139 0.000008
2454976.46654637 0.081432 0.000008
2454976.48698068 0.087689 0.000008
2454976.50741508 0.093350 0.000008
2454976.52784958 0.110607 0.000008
2454976.54828398 0.138839 0.000008
2454976.56871829 0.153862 0.000009
2454976.58915279 0.126323 0.000008
2454976.60958719 -0.037339 0.000008
2454976.63002149 -0.317076 0.000007
2454976.65045589 -0.456195 0.000007
2454976.67089039 -0.439895 0.000007
2454976.69132469 -0.367436 0.000007
2454976.71175910 -0.301280 0.000007
2454976.73219350 -0.245209 0.000007
2454976.75262790 -0.198353 0.000007
2454976.77306230 -0.158215 0.000007
2454976.79349670 -0.122787 0.000008
2454976.81393110 -0.090227 0.000008
2454976.83436550 -0.059568 0.000008
2454976.85479990 -0.029812 0.000008
2454976.87523420 0.000143 0.000008
2454976.89566870 0.030052 0.000008
2454976.91610310 0.058120 0.000008
2454976.93653740 0.081349 0.000008
2454976.95697190 0.095559 0.000008
2454976.97740630 0.096492 0.000008
2454976.99784060 0.090066 0.000008
2454977.01827499 0.087127 0.000008
2454977.03870949 0.090846 0.000008
2454977.05914389 0.099377 0.000008
2454977.07957819 0.108892 0.000008
2454977.10001269 0.132384 0.000008
2454977.12044709 0.162892 0.000009
2454977.14088139 0.171491 0.000009
2454977.16131578 0.077097 0.000008
2454977.18175028 -0.196380 0.000007
2454977.20218458 -0.390893 0.000007
2454977.22261898 -0.446578 0.000007
2454977.24305348 -0.403752 0.000007
2454977.26348777 -0.335618 0.000007
2454977.28392217 -0.274380 0.000007
2454977.30435657 -0.222727 0.000007
2454977.32479097 -0.177829 0.000007
2454977.34522536 -0.137598 0.000007
2454977.36565976 -0.100232 0.000008
2454977.38609406 -0.065104 0.000008
2454977.40652855 -0.032481 0.000008
2454977.42696295 -0.002442 0.000008
2454977.44739725 0.024273 0.000008
2454977.46783174 0.047087 0.000008
2454977.48826614 0.065639 0.000008
2454977.50870043 0.079749 0.000008
2454977.52913483 0.088979 0.000008
2454977.54956933 0.091083 0.000008
2454977.57000372 0.083185 0.000008
2454977.59043802 0.072929 0.000008
2454977.61087251 0.075892 0.000008
2454977.63130691 0.090716 0.000008
2454977.65174120 0.111453 0.000008
2454977.67217560 0.138168 0.000008
2454977.69261009 0.160454 0.000009
2454977.71304439 0.146861 0.000009
2454977.73347878 0.041224 0.000008
2454977.75391327 -0.209302 0.000007
2454977.77434757 -0.391294 0.000007
2454977.79478196 -0.412476 0.000007
2454977.81521636 -0.368391 0.000007
2454977.83565085 -0.305529 0.000007
2454977.85608514 -0.248881 0.000007
2454977.87651954 -0.201823 0.000007
2454977.89695393 -0.162565 0.000007
2454977.91738833 -0.128730 0.000008
2454977.93782272 -0.098031 0.000008
2454977.95825711 -0.069074 0.000008
2454977.97869160 -0.040875 0.000008
2454977.99912590 -0.013315 0.000008
2454978.01956029 0.013439 0.000008
2454978.03999468 0.038355 0.000008
2454978.06042907 0.060429 0.000008
2454978.08086347 0.077266 0.000008
2454978.10129786 0.084267 0.000008
2454978.12173235 0.080062 0.000008
2454978.14216664 0.072950 0.000008
2454978.16260104 0.071294 0.000008
2454978.18303533 0.077564 0.000008
2454978.20346982 0.091227 0.000008
2454978.22390421 0.116974 0.000008
2454978.24433850 0.148231 0.000009
2454978.26477299 0.171085 0.000009
2454978.28520738 0.147574 0.000008
2454978.30564177 -0.044713 0.000008
2454978.32607606 -0.307745 0.000007
2454978.34651055 -0.423853 0.000007
2454978.36694494 -0.406290 0.000007
2454978.38737924 -0.344703 0.000007
2454978.40781373 -0.284825 0.000007
2454978.42824812 -0.233043 0.000007
2454978.44868241 -0.188360 0.000007
2454978.46911680 -0.149396 0.000007
2454978.48955128 -0.114435 0.000008
2454978.50998557 -0.081931 0.000008
2454978.53041996 -0.050979 0.000008
2454978.55085435 -0.021412 0.000008
2454978.57128884 0.006402 0.000008
2454978.59172313 0.031141 0.000008
2454978.61215752 0.051066 0.000008
2454978.63259201 0.065045 0.000008
2454978.65302630 0.073381 0.000008
2454978.67346069 0.075967 0.000008
2454978.69389497 0.069278 0.000008
2454978.71432946 0.058441 0.000008
2454978.73476385 0.060313 0.000008
2454978.75519824 0.076578 0.000008
2454978.77563262 0.098259 0.000008
2454978.79606701 0.127246 0.000008
2454978.81650140 0.158578 0.000009
2454978.83693569 0.167469 0.000009
2454978.85737017 0.103429 0.000008
2454978.87780456 -0.094590 0.000008
2454978.89823885 -0.326942 0.000007
2454978.91867334 -0.412232 0.000007
2454978.93910772 -0.387743 0.000007
2454978.95954201 -0.324066 0.000007
2454978.97997639 -0.267005 0.000007
2454979.00041088 -0.217046 0.000007
2454979.02084527 -0.175245 0.000007
2454979.04127955 -0.139614 0.000007
2454979.06171404 -0.108071 0.000008
2454979.08214842 -0.078994 0.000008
2454979.10258271 -0.051757 0.000008
2454979.12301710 -0.026349 0.000008
2454979.14345158 -0.002303 0.000008
2454979.16388587 0.020644 0.000008
2454979.18432025 0.042484 0.000008
2454979.20475464 0.062052 0.000008
2454979.22518902 0.075276 0.000008
2454979.24562340 0.074198 0.000008
2454979.26605779 0.062547 0.000008
2454979.28649217 0.057036 0.000008
2454979.30692656 0.065994 0.000008
2454979.34779523 0.110379 0.000008
2454979.36822971 0.141668 0.000008
2454979.38866409 0.170330 0.000009
2454979.40909838 0.171628 0.000009
2454979.42953286 0.066144 0.000008
2454979.44996724 -0.221497 0.000007
2454979.47040153 -0.376429 0.000007
2454979.49083601 -0.400151 0.000007
2454979.51127039 -0.350296 0.000007
2454979.53170477 -0.291397 0.000007
2454979.55213906 -0.240002 0.000007
2454979.57257354 -0.196555 0.000007
2454979.59300792 -0.158798 0.000007
2454979.61344230 -0.124898 0.000008
2454979.63387659 -0.093280 0.000008
2454979.65431107 -0.062975 0.000008
2454979.67474545 -0.034389 0.000008
2454979.69517973 -0.007909 0.000008
2454979.71561421 0.015622 0.000008
2454979.73604859 0.035405 0.000008
2454979.75648297 0.050753 0.000008
2454979.77691726 0.062028 0.000008
2454979.79735174 0.068739 0.000008
2454979.81778612 0.068865 0.000008
2454979.83822040 0.060242 0.000008
2454979.85865478 0.053620 0.000008
2454979.87908926 0.061973 0.000008
2454979.89952354 0.082666 0.000008
2454979.91995792 0.110991 0.000008
2454979.94039240 0.142771 0.000008
2454979.96082668 0.164390 0.000009
2454979.98126106 0.147475 0.000009
2454980.00169544 0.018856 0.000008
2454980.02212982 -0.232311 0.000007
2454980.04256419 -0.367392 0.000007
2454980.06299857 -0.380196 0.000007
2454980.08343305 -0.335632 0.000007
2454980.10386733 -0.279139 0.000007
2454980.12430171 -0.229101 0.000007
2454980.14473599 -0.187711 0.000007
2454980.16517047 -0.152549 0.000007
2454980.18560484 -0.121476 0.000008
2454980.20603912 -0.092829 0.000008
2454980.22647360 -0.066091 0.000008
2454980.24690798 -0.040891 0.000008
2454980.26734236 -0.017166 0.000008
2454980.28777663 0.005090 0.000008
2454980.30821111 0.025239 0.000008
2454980.32864549 0.042943 0.000008
2454980.34907976 0.056518 0.000008
2454980.36951414 0.059295 0.000008
2454980.38994862 0.052775 0.000008
2454980.41038289 0.051521 0.000008
2454980.43081727 0.059866 0.000008
2454980.45125175 0.076664 0.000008
2454980.47168602 0.099870 0.000008
2454980.49212040 0.131861 0.000008
2454980.51255478 0.162166 0.000009
2454980.53298925 0.176741 0.000009
2454980.55342353 0.138121 0.000008
2454980.57385790 -0.070715 0.000008
2454980.59429238 -0.319935 0.000007
2454980.61472665 -0.382122 0.000007
2454980.63516103 -0.367742 0.000007
2454980.65559530 -0.313858 0.000007
2454980.67602978 -0.260225 0.000007
2454980.69646415 -0.214577 0.000007
2454980.71689843 -0.175737 0.000007
2454980.73733290 -0.141356 0.000007
2454980.75776727 -0.109794 0.000008
2454980.77820165 -0.079859 0.000008
2454980.79863592 -0.051170 0.000008
2454980.81907040 -0.024563 0.000008
2454980.83950477 -0.000795 0.000008
2454980.85993904 0.019610 0.000008
2454980.88037342 0.036001 0.000008
2454980.92124216 0.057332 0.000008
2454980.94167654 0.060522 0.000008
2454980.96211101 0.053879 0.000008
2454980.98254528 0.045249 0.000008
2454981.00297965 0.052344 0.000008
2454981.02341403 0.075670 0.000008
2454981.04384850 0.105243 0.000008
2454981.06428277 0.137538 0.000008
2454981.08471714 0.165697 0.000009
2454981.10515161 0.168169 0.000009
2454981.12558589 0.095031 0.000008
2454981.14602026 -0.115048 0.000008
2454981.16645463 -0.309421 0.000007
2454981.18688900 -0.352272 0.000007
2454981.20732337 -0.332359 0.000007
2454981.22775774 -0.288807 0.000007
2454981.24819221 -0.242455 0.000007
2454981.26862648 -0.202123 0.000007
2454981.28906085 -0.167410 0.000007
2454981.30949522 -0.137076 0.000007
2454981.32992959 -0.108935 0.000008
2454981.35036396 -0.081989 0.000008
2454981.37079833 -0.056086 0.000008
2454981.39123260 -0.032424 0.000008
2454981.41166707 -0.011483 0.000008
2454981.43210144 0.007329 0.000008
2454981.45253581 0.025024 0.000008
2454981.47297018 0.041328 0.000008
2454981.49340455 0.052320 0.000008
2454981.51383892 0.052525 0.000008
2454981.53427319 0.047918 0.000008
2454981.55470765 0.049647 0.000008
2454981.57514202 0.061729 0.000008
2454981.59557629 0.084976 0.000008
2454981.61601076 0.117220 0.000008
2454981.63644513 0.148328 0.000009
2454981.65687939 0.172474 0.000009
2454981.67731376 0.172392 0.000009
2454981.69774823 0.064245 0.000008
2454981.71818250 -0.221161 0.000007
2454981.73861686 -0.338458 0.000007
2454981.75905133 -0.360074 0.000007
2454981.77948570 -0.322633 0.000007
2454981.79991996 -0.275280 0.000007
2454981.82035433 -0.232575 0.000007
2454981.84078880 -0.195219 0.000007
2454981.86122306 -0.161877 0.000007
2454981.88165743 -0.130771 0.000008
2454981.90209190 -0.100697 0.000008
2454981.92252616 -0.071482 0.000008
2454981.94296053 -0.044177 0.000008
2454981.96339489 -0.019679 0.000008
2454981.98382926 0.001081 0.000008
2454982.00426362 0.017710 0.000008
2454982.02469799 0.031127 0.000008
2454982.04513225 0.042245 0.000008
2454982.06556672 0.050236 0.000008
2454982.08600108 0.052048 0.000008
2454982.10643535 0.045912 0.000008
2454982.12686981 0.045553 0.000008
2454982.14730418 0.063351 0.000008
2454982.16773844 0.092416 0.000008
2454982.18817280 0.125443 0.000008
2454982.20860727 0.157723 0.000009
2454982.22904163 0.177056 0.000009
2454982.24947589 0.153882 0.000009
2454982.26991036 0.013059 0.000008
2454982.29034472 -0.226443 0.000007
2454982.33121335 -0.334227 0.000007
2454982.35164781 -0.305389 0.000007
2454982.37208207 -0.264266 0.000007
2454982.39251643 -0.224194 0.000007
2454982.41295090 -0.187706 0.000007
2454982.43338516 -0.155303 0.000007
2454982.45381952 -0.126040 0.000008
2454982.47425388 -0.098541 0.000008
2454982.49468824 -0.072673 0.000008
2454982.51512261 -0.049079 0.000008
2454982.53555697 -0.027629 0.000008
2454982.55599143 -0.008533 0.000008
2454982.57642569 0.008709 0.000008
2454982.59686005 0.024328 0.000008
2454982.61729431 0.036104 0.000008
2454982.63772877 0.037150 0.000008
2454982.65816313 0.033256 0.000008
2454982.67859739 0.037801 0.000008
2454982.69903175 0.053900 0.000008
2454982.71946621 0.079088 0.000008
2454982.73990057 0.110640 0.000008
2454982.76033483 0.144041 0.000009
2454982.78076929 0.170371 0.000009
2454982.80120365 0.179254 0.000009
2454982.82163791 0.133706 0.000008
2454982.84207227 -0.086044 0.000008
2454982.86250673 -0.285710 0.000007
2454982.88294109 -0.332543 0.000007
2454982.90337534 -0.316232 0.000007
2454982.92380980 -0.281579 0.000007
2454982.94424416 -0.246111 0.000007
2454982.96467852 -0.214432 0.000007
2454982.98511278 -0.185272 0.000007
2454983.00554724 -0.156408 0.000007
2454983.02598159 -0.127121 0.000008
2454983.04641585 -0.097418 0.000008
2454983.06685031 -0.067993 0.000008
2454983.08728466 -0.040889 0.000008
2454983.10771892 -0.017941 0.000008
2454983.12815328 0.000902 0.000008
2454983.14858774 0.016727 0.000008
2454983.16902199 0.030041 0.000008
2454983.18945635 0.040431 0.000008
2454983.20989080 0.045722 0.000008
2454983.23032506 0.042245 0.000008
2454983.25075942 0.037538 0.000008
2454983.27119377 0.048631 0.000008
2454983.29162823 0.075232 0.000008
2454983.31206248 0.105162 0.000008
2454983.33249684 0.142126 0.000009
2454983.35293109 0.171812 0.000009
2454983.37336555 0.181728 0.000009
2454983.39379990 0.113012 0.000008
2454983.41423416 -0.096944 0.000008
2454983.43466861 -0.269482 0.000007
2454983.45510297 -0.308355 0.000007
2454983.47553732 -0.309021 0.000007
2454983.49597158 -0.281910 0.000007
2454983.51640603 -0.252292 0.000007
2454983.53684038 -0.217757 0.000007
2454983.55727464 -0.184894 0.000007
2454983.57770909 -0.153924 0.000007
2454983.59814345 -0.124415 0.000008
2454983.61857770 -0.096070 0.000008
2454983.63901205 -0.069452 0.000008
2454983.65944650 -0.045715 0.000008
2454983.67988076 -0.025394 0.000008
2454983.70031511 -0.007641 0.000008
2454983.72074956 0.009398 0.000008
2454983.74118391 0.026227 0.000008
2454983.76161817 0.038640 0.000008
2454983.78205252 0.040816 0.000008
2454983.80248697 0.041266 0.000008
2454983.82292122 0.051771 0.000008
2454983.84335557 0.072872 0.000008
2454983.86379002 0.100966 0.000008
2454983.88422428 0.135626 0.000008
2454983.90465863 0.168716 0.000009
2454983.92509298 0.190490 0.000009
2454983.94552733 0.180887 0.000009
2454983.96596168 0.052892 0.000008
2454983.98639603 -0.190768 0.000007
2454984.00683028 -0.320836 0.000007
2454984.02726473 -0.313316 0.000007
2454984.04769908 -0.289879 0.000007
2454984.06813333 -0.258150 0.000007
2454984.08856778 -0.227598 0.000007
2454984.10900213 -0.198070 0.000007
2454984.12943638 -0.169936 0.000007
2454984.14987073 -0.142523 0.000007
2454984.17030518 -0.115179 0.000008
2454984.19073942 -0.088014 0.000008
2454984.21117377 -0.062361 0.000008
2454984.23160822 -0.040204 0.000008
2454984.25204257 -0.023231 0.000008
2454984.27247682 -0.009750 0.000008
2454984.29291117 0.003762 0.000008
2454984.31334561 0.018566 0.000008
2454984.33377986 0.031313 0.000008
2454984.35421421 0.037826 0.000008
2454984.37464866 0.038997 0.000008
2454984.39508290 0.047282 0.000008
2454984.41551725 0.071505 0.000008
2454984.43595160 0.103163 0.000008
2454984.45638595 0.132459 0.000008
2454984.47682029 0.162029 0.000009
2454984.49725464 0.183815 0.000009
2454984.51768898 0.165703 0.000009
2454984.53812333 0.027727 0.000008
2454984.55855768 -0.191950 0.000007
2454984.57899202 -0.260371 0.000007
2454984.59942647 -0.276693 0.000007
2454984.61986071 -0.279617 0.000007
2454984.64029506 -0.269089 0.000007
2454984.68116375 -0.213900 0.000007
2454984.70159809 -0.182306 0.000007
2454984.72203244 -0.150833 0.000007
2454984.74246678 -0.120755 0.000008
2454984.76290113 -0.093436 0.000008
2454984.78333547 -0.069453 0.000008
2454984.80376972 -0.048753 0.000008
2454984.82420416 -0.030874 0.000008
2454984.84463850 -0.014294 0.000008
2454984.86507275 0.002371 0.000008
2454984.88550719 0.018053 0.000008
2454984.90594153 0.026954 0.000008
2454984.92637578 0.031736 0.000008
2454984.94681012 0.042446 0.000008
2454984.96724456 0.062568 0.000008
2454984.98767891 0.091049 0.000008
2454985.00811315 0.124746 0.000008
2454985.02854759 0.160246 0.000009
2454985.04898193 0.191121 0.000009
2454985.06941617 0.205354 0.000009
2454985.08985052 0.160346 0.000009
2454985.11028496 -0.060057 0.000008
2454985.13071920 -0.269373 0.000007
2454985.15115354 -0.296457 0.000007
2454985.17158788 -0.295763 0.000007
2454985.19202222 -0.282590 0.000007
2454985.21245656 -0.261750 0.000007
2454985.23289090 -0.234860 0.000007
2454985.25332534 -0.204620 0.000007
2454985.27375959 -0.173422 0.000007
2454985.31462817 -0.113778 0.000008
2454985.33506261 -0.086101 0.000008
2454985.35549695 -0.060934 0.000008
2454985.37593118 -0.038826 0.000008
2454985.39636562 -0.019078 0.000008
2454985.41679996 -0.000143 0.000008
2454985.43723430 0.018712 0.000008
2454985.45766854 0.035983 0.000008
2454985.47810298 0.047820 0.000008
2454985.49853732 0.052380 0.000008
2454985.51897156 0.056823 0.000008
2454985.53940600 0.071209 0.000008
2454985.55984033 0.097172 0.000008
2454985.58027457 0.125627 0.000008
2454985.60070891 0.150181 0.000009
2454985.62114335 0.175464 0.000009
2454985.64157758 0.183559 0.000009
2454985.68244626 -0.106612 0.000008
2454985.70288060 -0.237852 0.000007
2454985.72331493 -0.261042 0.000007
2454985.74374927 -0.273356 0.000007
2454985.76418371 -0.277627 0.000007
2454985.78461794 -0.263011 0.000007
2454985.80505228 -0.234538 0.000007
2454985.82548651 -0.202965 0.000007
2454985.84592095 -0.171506 0.000007
2454985.86635529 -0.141763 0.000007
2454985.88678952 -0.114048 0.000008
2454985.90722396 -0.088223 0.000008
2454985.92765829 -0.065006 0.000008
2454985.94809263 -0.044801 0.000008
2454985.96852686 -0.027605 0.000008
2454985.98896130 -0.012395 0.000008
2454986.00939563 0.002159 0.000008
2454986.02982986 0.016108 0.000008
2454986.05026430 0.026866 0.000008
2454986.07069863 0.037909 0.000008
2454986.09113287 0.054225 0.000008
2454986.11156720 0.078542 0.000008
2454986.13200163 0.108657 0.000008
2454986.15243587 0.141184 0.000008
2454986.17287020 0.173267 0.000009
2454986.19330453 0.199981 0.000009
2454986.21373897 0.198256 0.000009
2454986.23417330 0.093583 0.000008
2454986.25460753 -0.155466 0.000007
2454986.27504196 -0.243951 0.000007
2454986.29547630 -0.257962 0.000007
2454986.31591053 -0.271986 0.000007
2454986.33634486 -0.274015 0.000007
2454986.35677919 -0.260369 0.000007
2454986.37721352 -0.236891 0.000007
2454986.39764785 -0.207407 0.000007
2454986.41808229 -0.175061 0.000007
2454986.43851662 -0.143122 0.000007
2454986.45895085 -0.114494 0.000008
2454986.47938518 -0.089367 0.000008
2454986.49981961 -0.067542 0.000008
2454986.52025384 -0.048068 0.000008
2454986.54068817 -0.029528 0.000008
2454986.56112260 -0.009760 0.000008
2454986.58155683 0.012370 0.000008
2454986.60199116 0.033097 0.000008
2454986.62242549 0.045831 0.000008
2454986.64285982 0.053631 0.000008
2454986.66329415 0.066244 0.000008
2454986.68372848 0.088739 0.000008
2454986.70416270 0.118567 0.000008
2454986.72459713 0.146866 0.000009
2454986.74503146 0.173919 0.000009
2454986.76546569 0.194420 0.000009
2454986.78590012 0.170581 0.000009
2454986.80633445 0.028612 0.000008
2454986.82676867 -0.169663 0.000007
2454986.84720300 -0.228639 0.000007
2454986.86763743 -0.245762 0.000007
2454986.88807166 -0.283113 0.000007
2454986.90850598 -0.295922 0.000007
2454986.92894041 -0.274804 0.000007
2454986.94937474 -0.241448 0.000007
2454986.96980896 -0.206480 0.000007
2454986.99024329 -0.171944 0.000007
2454987.01067772 -0.139588 0.000007
2454987.03111194 -0.110661 0.000008
2454987.05154627 -0.085318 0.000008
2454987.07198070 -0.063282 0.000008
2454987.09241492 -0.043331 0.000008
2454987.11284925 -0.023829 0.000008
2454987.13328357 -0.004159 0.000008
2454987.15371790 0.014016 0.000008
2454987.17415222 0.028349 0.000008
2454987.19458655 0.042412 0.000008
2454987.21502087 0.061599 0.000008
2454987.23545520 0.082916 0.000008
2454987.25588952 0.105005 0.000008
2454987.27632374 0.130003 0.000008
2454987.29675817 0.161040 0.000009
2454987.31719249 0.194896 0.000009
2454987.33762672 0.214651 0.000009
2454987.35806104 0.170567 0.000009
2454987.37849546 -0.019465 0.000008
2454987.39892969 -0.206705 0.000007
2454987.41936401 -0.240256 0.000007
2454987.43979843 -0.263346 0.000007
2454987.46023275 -0.286779 0.000007
2454987.48066698 -0.286009 0.000007
2454987.50110130 -0.264632 0.000007
2454987.52153572 -0.236167 0.000007
2454987.54196994 -0.204569 0.000007
2454987.56240426 -0.171650 0.000007
2454987.58283869 -0.139790 0.000007
2454987.60327291 -0.111757 0.000008
2454987.62370723 -0.087286 0.000008
2454987.64414155 -0.065961 0.000008
2454987.66457587 -0.046016 0.000008
2454987.68501019 -0.024359 0.000008
2454987.70544451 0.001148 0.000008
2454987.72587893 0.027198 0.000008
2454987.74631315 0.046641 0.000008
2454987.76674747 0.059824 0.000008
2454987.78718179 0.074032 0.000008
2454987.80761611 0.093286 0.000008
2454987.82805043 0.116393 0.000008
2454987.84848465 0.141013 0.000008
2454987.86891907 0.165954 0.000009
2454987.88935339 0.188775 0.000009
2454987.90978771 0.193091 0.000009
2454987.93022203 0.118936 0.000008
2454987.95065635 -0.069783 0.000008
2454987.97109066 -0.190191 0.000007
2454987.99152498 -0.212388 0.000007
2454988.01195920 -0.264616 0.000007
2454988.03239362 -0.307764 0.000007
2454988.05282794 -0.304811 0.000007
2454988.07326215 -0.275527 0.000007
2454988.09369657 -0.238168 0.000007
2454988.11413089 -0.199615 0.000007
2454988.13456510 -0.164340 0.000007
2454988.15499942 -0.133208 0.000007
2454988.17543384 -0.106426 0.000008
2454988.19586815 -0.083254 0.000008
2454988.21630237 -0.060093 0.000008
2454988.23673669 -0.041717 0.000008
2454988.25717110 -0.021350 0.000008
2454988.29803963 0.017989 0.000008
2454988.31847405 0.036246 0.000008
2454988.33890826 0.053895 0.000008
2454988.35934258 0.072102 0.000008
2454988.37977689 0.093390 0.000008
2454988.40021121 0.117112 0.000008
2454988.42064552 0.144029 0.000009
2454988.44107984 0.180892 0.000009
2454988.46151425 0.212009 0.000009
2454988.48194847 0.218199 0.000009
2454988.50238278 0.133746 0.000008
2454988.52281699 -0.086442 0.000008
2454988.54325141 -0.192392 0.000007
2454988.58411993 -0.277599 0.000007
2454988.60455435 -0.313467 0.000007
2454988.62498866 -0.309869 0.000007
2454988.64542297 -0.283485 0.000007
2454988.66585718 -0.248179 0.000007
2454988.68629160 -0.211025 0.000007
2454988.70672591 -0.175690 0.000007
2454988.72716012 -0.143788 0.000007
2454988.74759443 -0.116298 0.000008
2454988.76802884 -0.091796 0.000008
2454988.78846306 -0.065343 0.000008
2454988.80889737 -0.044198 0.000008
2454988.82933178 -0.017265 0.000008
2454988.84976599 0.013214 0.000008
2454988.87020030 0.042887 0.000008
2454988.89063461 0.064307 0.000008
2454988.91106902 0.079199 0.000008
2454988.93150323 0.096163 0.000008
2454988.95193754 0.116986 0.000008
2454988.97237195 0.139383 0.000008
2454988.99280616 0.166704 0.000009
2454989.01324047 0.197713 0.000009
2454989.03367468 0.219707 0.000009
2454989.05410909 0.192189 0.000009
2454989.07454340 0.047923 0.000008
2454989.09497770 -0.134462 0.000007
2454989.11541201 -0.198487 0.000007
2454989.13584632 -0.250210 0.000007
2454989.15628063 -0.334613 0.000007
2454989.17671484 -0.361410 0.000007
2454989.19714925 -0.326408 0.000007
2454989.21758355 -0.279060 0.000007
2454989.23801776 -0.233432 0.000007
2454989.25845207 -0.191734 0.000007
2454989.27888648 -0.154121 0.000007
2454989.29932068 -0.120977 0.000008
2454989.31975499 -0.092325 0.000008
2454989.34018940 -0.067057 0.000008
2454989.36062360 -0.043967 0.000008
2454989.38105791 -0.021343 0.000008
2454989.40149222 0.002029 0.000008
2454989.42192662 0.024053 0.000008
2454989.44236083 0.044488 0.000008
2454989.46279513 0.064350 0.000008
2454989.48322954 0.084517 0.000008
2454989.50366374 0.103165 0.000008
2454989.52409805 0.120294 0.000008
2454989.54453235 0.138218 0.000009
2454989.56496666 0.157864 0.000009
2454989.58540096 0.181206 0.000009
2454989.60583527 0.206277 0.000009
2454989.62626957 0.176539 0.000009
2454989.64670387 0.034786 0.000008
2454989.66713818 -0.130205 0.000008
2454989.68757248 -0.162281 0.000007
2454989.70800679 -0.230216 0.000007
2454989.72844109 -0.299660 0.000007
2454989.74887539 -0.314665 0.000007
2454989.76930959 -0.297570 0.000007
2454989.78974400 -0.268090 0.000007
2454989.81017830 -0.233031 0.000007
2454989.83061260 -0.196845 0.000007
2454989.85104690 -0.163792 0.000007
2454989.87148121 -0.135841 0.000007
2454989.89191551 -0.112200 0.000008
2454989.91234971 -0.090715 0.000008
2454989.93278411 -0.058301 0.000008
2454989.95321841 -0.043075 0.000008
2454989.97365261 -0.011952 0.000008
2454989.99408701 0.024523 0.000008
2454990.01452132 0.047753 0.000008
2454990.03495552 0.069584 0.000008
2454990.05538982 0.088092 0.000008
2454990.07582422 0.109325 0.000008
2454990.09625842 0.135333 0.000008
2454990.11669272 0.160050 0.000009
2454990.13712712 0.188594 0.000009
2454990.15756142 0.219129 0.000009
2454990.17799561 0.231938 0.000009
2454990.19842991 0.171606 0.000009
2454990.21886431 0.004161 0.000008
2454990.23929851 -0.151208 0.000007
2454990.25973281 -0.205042 0.000007
2454990.28016711 -0.302213 0.000007
2454990.30060141 -0.397520 0.000007
2454990.32103571 -0.397717 0.000007
2454990.34147000 -0.343160 0.000007
2454990.36190430 -0.291251 0.000007
2454990.38233860 -0.240330 0.000007
2454990.40277290 -0.193254 0.000007
2454990.42320709 -0.152696 0.000007
2454990.44364149 -0.117560 0.000008
2454990.46407579 -0.085796 0.000008
2454990.48450998 -0.055401 0.000008
2454990.50494438 -0.025802 0.000008
2454990.52537868 0.003229 0.000008
2454990.54581287 0.030622 0.000008
2454990.56624717 0.055119 0.000008
2454990.58668156 0.078629 0.000008
2454990.60711576 0.100516 0.000008
2454990.62755005 0.118618 0.000008
2454990.64798445 0.133438 0.000008
2454990.66841874 0.144714 0.000009
2454990.68885294 0.150927 0.000009
2454990.70928723 0.169123 0.000009
2454990.72972163 0.196494 0.000009
2454990.75015582 0.202409 0.000009
2454990.77059012 0.131391 0.000008
2454990.79102451 -0.048621 0.000008
2454990.81145870 -0.137720 0.000007
2454990.83189300 -0.196991 0.000007
2454990.85232729 -0.300359 0.000007
2454990.87276158 -0.343378 0.000007
2454990.89319588 -0.329778 0.000007
2454990.91363017 -0.297433 0.000007
2454990.93406436 -0.259560 0.000007
2454990.95449875 -0.221408 0.000007
2454990.97493305 -0.185297 0.000007
2454990.99536724 -0.153723 0.000007
2454991.01580163 -0.126596 0.000008
2454991.03623592 -0.101977 0.000008
2454991.05667011 -0.077305 0.000008
2454991.07710441 -0.050632 0.000008
2454991.09753880 -0.020517 0.000008
2454991.11797309 0.016416 0.000008
2454991.13840728 0.044528 0.000008
2454991.15884167 0.068119 0.000008
2454991.17927596 0.085938 0.000008
2454991.19971015 0.105564 0.000008
2454991.22014444 0.127450 0.000008
2454991.24057883 0.146168 0.000009
2454991.28144731 0.199360 0.000009
2454991.30188170 0.228637 0.000009
2454991.32231599 0.223563 0.000009
2454991.34275018 0.124078 0.000008
2454991.36318446 -0.046328 0.000008
2454991.38361885 -0.146912 0.000007
2454991.40405314 -0.239572 0.000007
2454991.42448733 -0.371442 0.000007
2454991.44492162 -0.413856 0.000007
2454991.46535600 -0.378704 0.000007
2454991.48579019 -0.325838 0.000007
2454991.50622448 -0.271095 0.000007
2454991.52665887 -0.222898 0.000007
2454991.54709305 -0.180771 0.000007
2454991.56752734 -0.143819 0.000007
2454991.58796163 -0.110432 0.000008
2454991.60839591 -0.078576 0.000008
2454991.62883020 -0.046345 0.000008
2454991.64926449 -0.013187 0.000008
2454991.66969887 0.019881 0.000008
2454991.69013306 0.050755 0.000008
2454991.71056734 0.076885 0.000008
2454991.73100153 0.098756 0.000008
2454991.75143591 0.117790 0.000008
2454991.77187020 0.135044 0.000008
2454991.79230448 0.148769 0.000009
2454991.81273877 0.159774 0.000009
2454991.83317305 0.171237 0.000009
2454991.85360734 0.189840 0.000009
2454991.87404152 0.213283 0.000009
2454991.89447591 0.197935 0.000009
2454991.91491019 0.083596 0.000008
2454991.93534437 -0.089364 0.000008
2454991.95577876 -0.163027 0.000007
2454991.97621304 -0.277649 0.000007
2454991.99664722 -0.374793 0.000007
2454992.01708151 -0.385079 0.000007
2454992.03751589 -0.352229 0.000007
2454992.05795007 -0.306907 0.000007
2454992.07838435 -0.258884 0.000007
2454992.09881864 -0.212652 0.000007
2454992.11925302 -0.173172 0.000007
2454992.13968720 -0.140379 0.000007
2454992.16012148 -0.111489 0.000008
2454992.18055586 -0.082621 0.000008
2454992.20099004 -0.055993 0.000008
2454992.22142432 -0.026149 0.000008
2454992.24185850 0.006652 0.000008
2454992.26229288 0.041472 0.000008
2454992.28272717 0.070936 0.000008
2454992.30316145 0.089394 0.000008
2454992.32359572 0.105280 0.000008
2454992.34403000 0.126431 0.000008
2454992.36446428 0.145855 0.000009
2454992.38489846 0.163257 0.000009
2454992.40533284 0.192960 0.000009
2454992.42576712 0.223182 0.000009
2454992.44620130 0.240324 0.000009
2454992.46663568 0.201019 0.000009
2454992.48706996 0.062957 0.000008
2454992.50750414 -0.086579 0.000008
2454992.52793841 -0.186579 0.000007
2454992.54837279 -0.344328 0.000007
2454992.56880697 -0.440655 0.000007
2454992.58924125 -0.426242 0.000007
2454992.60967552 -0.368119 0.000007
2454992.63010990 -0.312830 0.000007
2454992.65054408 -0.256550 0.000007
2454992.67097836 -0.210685 0.000007
2454992.69141273 -0.168255 0.000007
2454992.71184691 -0.130182 0.000008
2454992.73228119 -0.094454 0.000008
2454992.75271546 -0.058806 0.000008
2454992.77314974 -0.022493 0.000008
2454992.79358401 0.013739 0.000008
2454992.81401829 0.048581 0.000008
2454992.83445256 0.079475 0.000008
2454992.85488684 0.106274 0.000008
2454992.87532111 0.128103 0.000008
2454992.89575529 0.144813 0.000009
2454992.91618966 0.157242 0.000009
2454992.93662394 0.164854 0.000009
2454992.95705821 0.165501 0.000009
2454992.97749248 0.172280 0.000009
2454992.99792676 0.192020 0.000009
2454993.01836103 0.207578 0.000009
2454993.03879531 0.162940 0.000009
2454993.05922958 0.014153 0.000008
2454993.07966385 -0.097071 0.000008
2454993.10009812 -0.220453 0.000007
2454993.12053230 -0.366105 0.000007
2454993.14096667 -0.397203 0.000007
2454993.16140094 -0.367778 0.000007
2454993.18183511 -0.324445 0.000007
2454993.20226949 -0.279355 0.000007
2454993.22270376 -0.236079 0.000007
2454993.24313793 -0.196484 0.000007
2454993.26357220 -0.161742 0.000007
2454993.28400657 -0.130895 0.000008
2454993.30444074 -0.101462 0.000008
2454993.32487501 -0.071462 0.000008
2454993.34530938 -0.035904 0.000008
2454993.36574365 -0.007369 0.000008
2454993.38617782 0.030674 0.000008
2454993.40661209 0.056006 0.000008
2454993.42704646 0.079736 0.000008
2454993.44748063 0.101640 0.000008
2454993.46791490 0.122618 0.000008
2454993.48834927 0.145722 0.000009
2454993.50878344 0.163267 0.000009
2454993.52921771 0.181634 0.000009
2454993.54965198 0.207459 0.000009
2454993.57008625 0.239374 0.000009
2454993.59052051 0.248076 0.000009
2454993.61095478 0.182648 0.000009
2454993.63138895 0.023196 0.000008
2454993.65182332 -0.128564 0.000008
2454993.67225758 -0.276699 0.000007
2454993.69269175 -0.448862 0.000007
2454993.71312612 -0.475512 0.000006
2454993.73356039 -0.430452 0.000007
2454993.75399455 -0.360339 0.000007
2454993.77442882 -0.291844 0.000007
2454993.79486319 -0.240042 0.000007
2454993.81529745 -0.192210 0.000007
2454993.83573162 -0.150347 0.000007
2454993.85616598 -0.111620 0.000008
2454993.87660025 -0.073247 0.000008
2454993.89703441 -0.033984 0.000008
2454993.91746868 0.005811 0.000008
2454993.93790304 0.044841 0.000008
2454993.95833721 0.080753 0.000008
2454993.97877147 0.110739 0.000008
2454993.99920584 0.133816 0.000008
2454994.01964000 0.151997 0.000009
2454994.04007427 0.167142 0.000009
2454994.06050853 0.178262 0.000009
2454994.08094279 0.183255 0.000009
2454994.10137706 0.185339 0.000009
2454994.12181132 0.196678 0.000009
2454994.14224568 0.217788 0.000009
2454994.16267985 0.211982 0.000009
2454994.18311411 0.123130 0.000008
2454994.20354827 -0.037989 0.000008
2454994.22398263 -0.166076 0.000007
2454994.26485116 -0.442781 0.000007
2454994.28528532 -0.419137 0.000007
2454994.30571968 -0.368249 0.000007
2454994.32615394 -0.313518 0.000007
2454994.34658810 -0.261954 0.000007
2454994.36702246 -0.215331 0.000007
2454994.38745672 -0.174012 0.000007
2454994.40789088 -0.137541 0.000007
2454994.42832514 -0.104203 0.000008
2454994.44875950 -0.071694 0.000008
2454994.46919366 -0.038726 0.000008
2454994.48962792 -0.005428 0.000008
2454994.51006228 0.027851 0.000008
2454994.53049644 0.058972 0.000008
2454994.55093070 0.085416 0.000008
2454994.57136496 0.100807 0.000008
2454994.59179932 0.116369 0.000008
2454994.61223348 0.135565 0.000008
2454994.63266773 0.148423 0.000009
2454994.65310209 0.156598 0.000009
2454994.67353635 0.177689 0.000009
2454994.69397051 0.210802 0.000009
2454994.71440477 0.239541 0.000009
2454994.73483912 0.231160 0.000009
2454994.75527328 0.135523 0.000008
2454994.77570754 -0.030678 0.000008
2454994.79614179 -0.215471 0.000007
2454994.81657605 -0.394138 0.000007
2454994.83701031 -0.486711 0.000006
2454994.85744456 -0.467645 0.000006
2454994.87787892 -0.403224 0.000007
2454994.89831307 -0.330637 0.000007
2454994.91874733 -0.269060 0.000007
2454994.93918149 -0.219244 0.000007
2454994.95961584 -0.179238 0.000007
2454994.98005010 -0.137812 0.000007
2454995.00048435 -0.098528 0.000008
2454995.02091860 -0.057351 0.000008
2454995.04135286 -0.016398 0.000008
2454995.06178711 0.024472 0.000008
2454995.08222127 0.063936 0.000008
2454995.10265562 0.099272 0.000008
2454995.12308987 0.128503 0.000008
2454995.14352403 0.152177 0.000009
2454995.16395838 0.171714 0.000009
2454995.18439263 0.186686 0.000009
2454995.20482679 0.195033 0.000009
2454995.22526104 0.191861 0.000009
2454995.24569539 0.185710 0.000009
2454995.26612954 0.205398 0.000009
2454995.28656380 0.225220 0.000009
2454995.30699815 0.196611 0.000009
2454995.32743240 0.066329 0.000008
2454995.34786655 -0.092258 0.000008
2454995.36830080 -0.291733 0.000007
2454995.38873515 -0.463795 0.000006
2454995.40916930 -0.476055 0.000006
2454995.42960355 -0.418916 0.000007
2454995.45003770 -0.349460 0.000007
2454995.47047205 -0.289015 0.000007
2454995.49090630 -0.238922 0.000007
2454995.51133995 -0.193156 0.000007
2454995.53177430 -0.151982 0.000007
2454995.55220845 -0.113805 0.000008
2454995.57264270 -0.077565 0.000008
2454995.59307695 -0.042036 0.000008
2454995.61351130 -0.007206 0.000008
2454995.63394545 0.027270 0.000008
2454995.65437970 0.058502 0.000008
2454995.67481405 0.085947 0.000008
2454995.69524819 0.107092 0.000008
2454995.71568244 0.124906 0.000008
2454995.73611669 0.145096 0.000009
2454995.75655094 0.165186 0.000009
2454995.77698518 0.172412 0.000009
2454995.79741943 0.181631 0.000009
2454995.81785368 0.207351 0.000009
2454995.83828792 0.235093 0.000009
2454995.85872217 0.252000 0.000009
2454995.87915632 0.217784 0.000009
2454995.89959066 0.057187 0.000008
2454995.92002491 -0.144288 0.000007
2454995.94045905 -0.345361 0.000007
2454995.96089330 -0.480489 0.000006
2454995.98132764 -0.490004 0.000006
2454996.00176179 -0.439944 0.000007
2454996.02219603 -0.363778 0.000007
2454996.04263038 -0.301830 0.000007
2454996.06306462 -0.246023 0.000007
2454996.08349877 -0.196671 0.000007
2454996.10393301 -0.152172 0.000007
2454996.12436736 -0.110283 0.000008
2454996.14480150 -0.069274 0.000008
2454996.16523574 -0.027618 0.000008
2454996.18567009 0.014286 0.000008
2454996.20610423 0.055528 0.000008
2454996.22653847 0.093119 0.000008
2454996.24697271 0.124735 0.000008
2454996.26740696 0.149618 0.000009
2454996.28784120 0.166260 0.000009
2454996.30827544 0.178726 0.000009
2454996.32870978 0.185924 0.000009
2454996.34914392 0.186397 0.000009
2454996.36957817 0.183517 0.000009
2454996.39001231 0.195880 0.000009
2454996.41044665 0.224056 0.000009
2454996.43088089 0.237860 0.000009
2454996.45131503 0.180196 0.000009
2454996.47174937 0.012615 0.000008
2454996.49218361 -0.207776 0.000007
2454996.51261785 -0.441463 0.000007
2454996.53305199 -0.496091 0.000006
2454996.55348633 -0.465167 0.000006
2454996.57392057 -0.396063 0.000007
2454996.59435471 -0.332501 0.000007
2454996.61478895 -0.273279 0.000007
2454996.63522328 -0.219593 0.000007
2454996.65565742 -0.171761 0.000007
2454996.67609166 -0.128597 0.000008
2454996.69652600 -0.088959 0.000008
2454996.71696014 -0.051212 0.000008
2454996.73739438 -0.015084 0.000008
2454996.75782861 0.019082 0.000008
2454996.77826285 0.053710 0.000008
2454996.79869709 0.084835 0.000008
2454996.81913132 0.110558 0.000008
2454996.83956566 0.131334 0.000008
2454996.85999980 0.150648 0.000009
2454996.88043403 0.171277 0.000009
2454996.90086817 0.182484 0.000009
2454996.92130251 0.180486 0.000009
2454996.94173674 0.190611 0.000009
2454996.96217098 0.217536 0.000009
2454996.98260521 0.245124 0.000009
2454997.00303945 0.248318 0.000009
2454997.02347368 0.169942 0.000009
2454997.04390782 -0.040321 0.000008
2454997.06434215 -0.287015 0.000007
2454997.08477639 -0.458996 0.000006
2454997.10521062 -0.500814 0.000006
2454997.12564475 -0.470535 0.000006
2454997.14607909 -0.389743 0.000007
2454997.16651322 -0.321195 0.000007
2454997.18694745 -0.270210 0.000007
2454997.20738179 -0.216819 0.000007
2454997.24825015 -0.125716 0.000008
2454997.26868438 -0.083540 0.000008
2454997.28911862 -0.040835 0.000008
2454997.30955285 0.002257 0.000008
2454997.32998708 0.044812 0.000008
2454997.35042141 0.082750 0.000008
2454997.37085564 0.115468 0.000008
2454997.39128977 0.142196 0.000008
2454997.41172401 0.164535 0.000009
2454997.43215824 0.183282 0.000009
2454997.45259247 0.196558 0.000009
2454997.47302670 0.198587 0.000009
2454997.49346103 0.190418 0.000009
2454997.51389516 0.186587 0.000009
2454997.53432939 0.203407 0.000009
2454997.55476362 0.231729 0.000009
2454997.57519785 0.225059 0.000009
2454997.59563207 0.109162 0.000008
2454997.61606630 -0.066339 0.000008
2454997.63650043 -0.347268 0.000007
2454997.65693476 -0.506620 0.000006
2454997.67736899 -0.505628 0.000006
2454997.69780322 -0.438325 0.000007
2454997.71823745 -0.368104 0.000007
2454997.73867167 -0.310453 0.000007
2454997.75910590 -0.254016 0.000007
2454997.77954003 -0.202942 0.000007
2454997.79997435 -0.153459 0.000007
2454997.82040858 -0.109282 0.000008
2454997.84084271 -0.066015 0.000008
2454997.86127703 -0.024918 0.000008
2454997.88171126 0.014001 0.000008
2454997.90214539 0.051124 0.000008
2454997.92257961 0.084341 0.000008
2454997.94301394 0.112862 0.000008
2454997.96344806 0.134753 0.000008
2454997.98388229 0.154492 0.000009
