# # KIC 7030715 Kepler PDCSAP converted to OGLE-like format
# # columns: JD  mag  mag_err
2454953.53913845 0.095393 0.000117
2454953.55957294 0.102730 0.000119
2454953.58000733 0.105262 0.000120
2454953.60044192 0.110527 0.000120
2454953.62087641 0.123897 0.000121
2454953.64131080 0.145705 0.000123
2454953.66174529 0.174245 0.000125
2454953.68217988 0.205287 0.000128
2454953.70261427 0.231365 0.000130
2454953.72304876 0.240787 0.000131
2454953.74348335 0.200900 0.000128
2454953.76391774 0.053835 0.000117
2454953.78435223 -0.165134 0.000104
2454953.80478672 -0.252109 0.000099
2454953.82522121 -0.360604 0.000093
2454953.84565570 -0.400068 0.000092
2454953.86609018 -0.379236 0.000092
2454953.88652477 -0.340293 0.000095
2454953.90695916 -0.299756 0.000097
2454953.92739365 -0.261778 0.000099
2454953.94782824 -0.226003 0.000101
2454953.96826263 -0.192632 0.000103
2454953.98869712 -0.161146 0.000104
2454954.00913151 -0.131747 0.000106
2454954.02956610 -0.104037 0.000108
2454954.05000059 -0.078235 0.000110
2454954.07043507 -0.053563 0.000111
2454954.09086956 -0.030544 0.000113
2454954.11130405 -0.009013 0.000114
2454954.13173854 0.011461 0.000115
2454954.15217293 0.032129 0.000117
2454954.17260752 0.053360 0.000118
2454954.19304201 0.073442 0.000120
2454954.21347640 0.090575 0.000121
2454954.23391099 0.100999 0.000121
2454954.25434547 0.105123 0.000122
2454954.27477986 0.108286 0.000122
2454954.29521435 0.117520 0.000123
2454954.31564894 0.135604 0.000124
2454954.33608343 0.161425 0.000126
2454954.35651782 0.191144 0.000128
2454954.37695241 0.220398 0.000130
2454954.39738689 0.239714 0.000132
2454954.41782128 0.227250 0.000131
2454954.43825577 0.138827 0.000124
2454954.45869036 -0.082295 0.000109
2454954.47912475 -0.211352 0.000102
2454954.49955924 -0.315622 0.000097
2454954.51999372 -0.394299 0.000093
2454954.54042831 -0.394956 0.000093
2454954.56086280 -0.360652 0.000095
2454954.58129719 -0.320148 0.000097
2454954.60173178 -0.280352 0.000099
2454954.62216626 -0.242796 0.000101
2454954.64260065 -0.208475 0.000103
2454954.66303514 -0.175914 0.000104
2454954.68346973 -0.145450 0.000106
2454954.70390412 -0.116284 0.000108
2454954.72433860 -0.089511 0.000109
2454954.74477319 -0.064568 0.000111
2454954.76520758 -0.041265 0.000112
2454954.78564207 -0.018957 0.000113
2454954.80607656 0.002166 0.000115
2454954.82651104 0.022750 0.000116
2454954.84694553 0.043734 0.000118
2454954.86738002 0.064451 0.000119
2454954.88781451 0.083640 0.000120
2454954.90824899 0.097096 0.000121
2454954.92868348 0.103840 0.000121
2454954.94911787 0.106172 0.000122
2454954.96955246 0.112094 0.000122
2454954.98998694 0.126144 0.000123
2454955.01042133 0.148858 0.000125
2454955.03085592 0.177576 0.000127
2454955.05129041 0.208467 0.000129
2454955.07172489 0.233991 0.000131
2454955.09215928 0.240154 0.000131
2454955.11259387 0.193808 0.000128
2454955.13302836 0.032633 0.000117
2454955.15346274 -0.174349 0.000104
2454955.17389733 -0.262629 0.000099
2454955.19433182 -0.369861 0.000094
2454955.21476620 -0.402372 0.000092
2454955.23520069 -0.377285 0.000093
2454955.25563528 -0.336361 0.000096
2454955.27606967 -0.295000 0.000098
2454955.29650415 -0.256975 0.000099
2454955.31693874 -0.221602 0.000102
2454955.33737313 -0.187914 0.000104
2454955.35780761 -0.156942 0.000105
2454955.37824210 -0.128154 0.000107
2454955.39867669 -0.101120 0.000109
2454955.41911107 -0.075318 0.000110
2454955.43954556 -0.051088 0.000112
2454955.45998015 -0.028541 0.000113
2454955.48041453 -0.006926 0.000114
2454955.50084902 0.013501 0.000116
2454955.52128341 0.034398 0.000117
2454955.54171799 0.055351 0.000118
2454955.56215248 0.076101 0.000120
2454955.58258697 0.092980 0.000121
2454955.60302145 0.103349 0.000122
2454955.62345594 0.106835 0.000122
2454955.64389043 0.109504 0.000122
2454955.66432481 0.118715 0.000123
2454955.68475940 0.137172 0.000124
2454955.70519389 0.163663 0.000126
2454955.72562827 0.194118 0.000128
2454955.74606286 0.223186 0.000130
2454955.76649734 0.241613 0.000132
2454955.78693173 0.225998 0.000131
2454955.80736622 0.126253 0.000123
2454955.82780080 -0.100926 0.000109
2454955.84823529 -0.219425 0.000102
2454955.86866977 -0.328041 0.000096
2454955.88910426 -0.397513 0.000092
2454955.90953875 -0.391188 0.000092
2454955.92997323 -0.354161 0.000094
2454955.95040762 -0.312282 0.000096
2454955.97084220 -0.272519 0.000098
2454955.99127669 -0.235769 0.000100
2454956.01171108 -0.201323 0.000102
2454956.03214566 -0.169295 0.000104
2454956.05258015 -0.139276 0.000106
2454956.07301463 -0.111670 0.000108
2454956.09344902 -0.085425 0.000110
2454956.11388360 -0.061002 0.000111
2454956.13431809 -0.037814 0.000112
2454956.15475247 -0.015912 0.000114
2454956.17518706 0.005055 0.000115
2454956.19562155 0.025226 0.000116
2454956.21605593 0.045793 0.000118
2454956.23649042 0.066721 0.000119
2454956.25692500 0.085764 0.000121
2454956.27735939 0.100040 0.000122
2454956.31822846 0.108386 0.000122
2454956.33866284 0.113511 0.000123
2454956.35909733 0.127626 0.000124
2454956.37953181 0.150709 0.000125
2454956.39996640 0.180187 0.000127
2454956.42040078 0.210613 0.000129
2454956.44083527 0.235823 0.000131
2454956.46126985 0.238985 0.000131
2454956.48170424 0.184642 0.000127
2454956.50213872 0.009368 0.000115
2454956.52257311 -0.186331 0.000104
2454956.54300769 -0.279129 0.000099
2454956.56344218 -0.382555 0.000093
2454956.58387666 -0.406564 0.000092
2454956.60431114 -0.378595 0.000093
2454956.62474563 -0.336558 0.000096
2454956.64518011 -0.294198 0.000098
2454956.66561450 -0.254668 0.000100
2454956.68604908 -0.218067 0.000102
2454956.70648357 -0.183974 0.000103
2454956.72691795 -0.152698 0.000105
2454956.74735254 -0.123394 0.000107
2454956.76778702 -0.096548 0.000109
2454956.78822140 -0.071182 0.000110
2454956.80865589 -0.046822 0.000112
2454956.82909047 -0.024255 0.000113
2454956.84952486 -0.003082 0.000114
2454956.86995934 0.017194 0.000116
2454956.89039392 0.037053 0.000117
2454956.91082841 0.057400 0.000118
2454956.93126279 0.077622 0.000120
2454956.95169728 0.094540 0.000121
2454956.97213186 0.105089 0.000122
2454956.99256624 0.108730 0.000122
2454957.01300073 0.111854 0.000122
2454957.03343531 0.121469 0.000123
2454957.05386969 0.140162 0.000124
2454957.07430418 0.166315 0.000126
2454957.09473866 0.196235 0.000128
2454957.11517315 0.224489 0.000130
2454957.13560763 0.240541 0.000132
2454957.15604211 0.217673 0.000130
2454957.17647670 0.109503 0.000122
2454957.19691108 -0.120085 0.000108
2454957.21734556 -0.228339 0.000101
2454957.23778005 -0.338923 0.000095
2454957.25821453 -0.400629 0.000092
2454957.27864901 -0.389289 0.000093
2454957.29908349 -0.350872 0.000095
2454957.31951808 -0.309023 0.000097
2454957.33995246 -0.269251 0.000099
2454957.36038694 -0.232541 0.000101
2454957.38082143 -0.198438 0.000103
2454957.40125591 -0.166191 0.000105
2454957.42169039 -0.136584 0.000106
2454957.44212488 -0.109049 0.000108
2454957.46255946 -0.083177 0.000110
2454957.48299384 -0.058505 0.000111
2454957.50342832 -0.034968 0.000113
2454957.52386271 -0.012834 0.000114
2454957.54429729 0.008000 0.000115
2454957.56473177 0.028772 0.000117
2454957.58516615 0.049113 0.000118
2454957.60560074 0.070192 0.000120
2454957.62603522 0.089196 0.000121
2454957.64646970 0.101944 0.000122
2454957.66690408 0.107568 0.000122
2454957.68733867 0.107804 0.000122
2454957.70777315 0.114997 0.000123
2454957.72820753 0.129297 0.000124
2454957.74864211 0.153002 0.000125
2454957.76907659 0.182384 0.000127
2454957.78951098 0.213223 0.000130
2454957.80994546 0.237313 0.000132
2454957.83038004 0.237158 0.000132
2454957.85081442 0.174934 0.000127
2454957.87124890 -0.013931 0.000114
2454957.89168339 -0.192971 0.000104
2454957.91211797 -0.285806 0.000098
2454957.93255235 -0.382233 0.000093
2454957.95298683 -0.399133 0.000093
2454957.97342141 -0.369350 0.000094
2454957.99385579 -0.328981 0.000096
2454958.01429028 -0.289321 0.000098
2454958.03472466 -0.251495 0.000100
2454958.05515924 -0.215674 0.000102
2454958.09602820 -0.151465 0.000106
2454958.11646268 -0.122636 0.000107
2454958.13689716 -0.095235 0.000109
2454958.15733164 -0.069601 0.000111
2454958.17776603 -0.045232 0.000112
2454958.19820061 -0.022332 0.000113
2454958.21863509 -0.001216 0.000115
2454958.23906947 0.019176 0.000116
2454958.25950405 0.039717 0.000117
2454958.27993853 0.059753 0.000118
2454958.30037291 0.079569 0.000119
2454958.32080739 0.095105 0.000120
2454958.34124197 0.103762 0.000121
2454958.36167635 0.106463 0.000121
2454958.38211083 0.109976 0.000122
2454958.40254541 0.121334 0.000123
2454958.42297989 0.142294 0.000124
2454958.44341428 0.170599 0.000127
2454958.46384876 0.201641 0.000129
2454958.48428334 0.230205 0.000131
2454958.50471772 0.243434 0.000132
2454958.52515220 0.215192 0.000130
2454958.54558678 0.093085 0.000121
2454958.56602116 -0.136831 0.000106
2454958.58645564 -0.232626 0.000101
2454958.60689012 -0.343431 0.000095
2454958.62732460 -0.398212 0.000092
2454958.64775918 -0.384788 0.000093
2454958.66819356 -0.347366 0.000095
2454958.68862814 -0.306947 0.000097
2454958.70906262 -0.267604 0.000099
2454958.72949700 -0.231119 0.000101
2454958.74993148 -0.197257 0.000103
2454958.77036606 -0.165874 0.000105
2454958.79080044 -0.136028 0.000107
2454958.81123491 -0.108243 0.000108
2454958.83166949 -0.082057 0.000109
2454958.85210387 -0.057336 0.000111
2454958.87253835 -0.034078 0.000113
2454958.89297283 -0.012188 0.000114
2454958.91340731 0.008348 0.000115
2454958.93384179 0.029087 0.000117
2454958.95427627 0.049382 0.000118
2454958.97471085 0.069889 0.000120
2454958.99514523 0.088343 0.000121
2454959.01557971 0.100823 0.000122
2454959.03601409 0.105977 0.000122
2454959.05644867 0.108456 0.000122
2454959.07688314 0.115922 0.000122
2454959.09731752 0.132277 0.000123
2454959.11775210 0.156948 0.000125
2454959.13818658 0.186799 0.000127
2454959.15862106 0.217129 0.000130
2454959.17905544 0.239212 0.000132
2454959.19949002 0.234734 0.000131
2454959.21992449 0.163359 0.000126
2454959.24035887 -0.037123 0.000112
2454959.28122793 -0.296985 0.000098
2454959.30166231 -0.387247 0.000093
2454959.32209679 -0.398198 0.000093
2454959.34253136 -0.366506 0.000094
2454959.36296574 -0.324785 0.000096
2454959.38340022 -0.283638 0.000099
2454959.40383480 -0.245582 0.000101
2454959.42426928 -0.210577 0.000102
2454959.44470365 -0.178413 0.000104
2454959.46513813 -0.148162 0.000106
2454959.48557271 -0.119669 0.000107
2454959.50600709 -0.092824 0.000109
2454959.52644157 -0.067401 0.000111
2454959.54687594 -0.043693 0.000112
2454959.56731052 -0.021110 0.000113
2454959.58774500 -0.000000 0.000115
2454959.60817948 0.020545 0.000116
2454959.62861395 0.041077 0.000117
2454959.64904843 0.062139 0.000119
2454959.66948291 0.082032 0.000120
2454959.68991728 0.097699 0.000121
2454959.71035186 0.105163 0.000122
2454959.73078634 0.107605 0.000122
2454959.75122072 0.111578 0.000122
2454959.77165529 0.123408 0.000123
2454959.79208977 0.144086 0.000124
2454959.81252415 0.171734 0.000126
2454959.83295862 0.202076 0.000128
2454959.85339320 0.229396 0.000130
2454959.87382758 0.240800 0.000131
2454959.89426205 0.207898 0.000129
2454959.91469663 0.074134 0.000119
2454959.93513111 -0.153160 0.000105
2454959.95556548 -0.245149 0.000100
2454959.97599996 -0.355852 0.000094
2454959.99643454 -0.401731 0.000092
2454960.01686901 -0.383317 0.000093
2454960.03730339 -0.344154 0.000095
2454960.05773797 -0.302813 0.000097
2454960.07817244 -0.263545 0.000099
2454960.09860682 -0.227330 0.000101
2454960.11904129 -0.194312 0.000103
2454960.13947587 -0.162514 0.000105
2454960.15991035 -0.132832 0.000106
2454960.18034472 -0.104784 0.000108
2454960.20077930 -0.078840 0.000110
2454960.22121377 -0.054263 0.000111
2454960.24164815 -0.031050 0.000113
2454960.26208262 -0.009353 0.000114
2454960.28251720 0.011309 0.000115
2454960.30295158 0.031743 0.000117
2454960.32338605 0.052615 0.000118
2454960.34382063 0.073197 0.000120
2454960.36425500 0.091020 0.000120
2454960.38468948 0.102189 0.000121
2454960.40512395 0.106458 0.000122
2454960.42555843 0.108766 0.000122
2454960.44599290 0.116983 0.000122
2454960.46642738 0.134288 0.000124
2454960.48686195 0.159461 0.000125
2454960.50729633 0.189987 0.000128
2454960.52773080 0.219592 0.000130
2454960.54816518 0.240292 0.000132
2454960.56859975 0.232435 0.000131
2454960.58903423 0.152908 0.000125
2454960.65033765 -0.307578 0.000097
2454960.67077212 -0.392183 0.000093
2454960.69120650 -0.397358 0.000093
2454960.71164107 -0.363651 0.000094
2454960.73207555 -0.322937 0.000096
2454960.75250992 -0.283557 0.000098
2454960.77294440 -0.246046 0.000100
2454960.79337897 -0.210946 0.000102
2454960.81381334 -0.177883 0.000104
2454960.83424782 -0.146549 0.000106
2454960.85468239 -0.117228 0.000108
2454960.87511677 -0.089895 0.000109
2454960.89555124 -0.064080 0.000111
2454960.91598571 -0.040064 0.000112
2454960.93642019 -0.017808 0.000113
2454960.95685466 0.003117 0.000115
2454960.97728913 0.023258 0.000116
2454960.99772371 0.043680 0.000117
2454961.01815808 0.064188 0.000119
2454961.03859255 0.083591 0.000120
2454961.05902693 0.098007 0.000121
2454961.07946150 0.104812 0.000122
2454961.09989597 0.106992 0.000122
2454961.12033045 0.112015 0.000122
2454961.14076492 0.124822 0.000123
2454961.16119939 0.147042 0.000125
2454961.18163387 0.175602 0.000127
2454961.20206824 0.206503 0.000129
2454961.22250281 0.233181 0.000131
2454961.24293728 0.242247 0.000131
2454961.26337166 0.202292 0.000128
2454961.28380623 0.055119 0.000118
2454961.30424070 -0.164916 0.000105
2454961.32467507 -0.252918 0.000099
2454961.36554412 -0.400386 0.000092
2454961.38597859 -0.379583 0.000093
2454961.40641306 -0.341229 0.000095
2454961.42684754 -0.300797 0.000097
2454961.44728201 -0.262343 0.000100
2454961.46771648 -0.226261 0.000102
2454961.48815085 -0.192455 0.000103
2454961.50858542 -0.160557 0.000105
2454961.52901990 -0.130753 0.000107
2454961.54945427 -0.102715 0.000108
2454961.56988884 -0.076306 0.000110
2454961.59032331 -0.051251 0.000112
2454961.61075768 -0.028363 0.000113
2454961.63119215 -0.006521 0.000114
2454961.65162672 0.013788 0.000116
2454961.67206120 0.033887 0.000117
2454961.69249557 0.053979 0.000118
2454961.71293014 0.074192 0.000120
2454961.73336461 0.091323 0.000121
2454961.75379898 0.102245 0.000121
2454961.77423345 0.106081 0.000122
2454961.81510239 0.117733 0.000123
2454961.83553686 0.135716 0.000124
2454961.85597134 0.161277 0.000125
2454961.87640581 0.191605 0.000127
2454961.89684028 0.221014 0.000130
2454961.91727475 0.240305 0.000131
2454961.93770922 0.228042 0.000131
2454961.95814369 0.139335 0.000124
2454961.97857816 -0.080787 0.000109
2454961.99901253 -0.211530 0.000102
2454962.01944710 -0.316799 0.000096
2454962.03988157 -0.394290 0.000092
2454962.06031594 -0.393113 0.000093
2454962.08075051 -0.357459 0.000095
2454962.10118498 -0.316080 0.000097
2454962.12161945 -0.276992 0.000099
2454962.14205382 -0.240849 0.000101
2454962.16248839 -0.206662 0.000103
2454962.18292286 -0.174219 0.000104
2454962.20335723 -0.143463 0.000106
2454962.22379180 -0.115009 0.000108
2454962.24422627 -0.087671 0.000110
2454962.26466064 -0.062208 0.000111
2454962.28509511 -0.038193 0.000112
2454962.30552968 -0.016144 0.000114
2454962.32596404 0.004660 0.000115
2454962.34639851 0.024902 0.000116
2454962.36683308 0.045121 0.000118
2454962.38726745 0.065781 0.000119
2454962.40770192 0.084944 0.000120
2454962.42813639 0.099475 0.000122
2454962.44857096 0.105487 0.000121
2454962.46900533 0.107705 0.000122
2454962.48943980 0.113539 0.000122
2454962.50987436 0.127393 0.000123
2454962.53030873 0.149834 0.000124
2454962.55074320 0.178647 0.000126
2454962.57117767 0.209040 0.000128
2454962.59161214 0.234336 0.000131
2454962.61204661 0.240503 0.000131
2454962.63248107 0.193184 0.000128
2454962.65291554 0.033020 0.000117
2454962.67335001 -0.173885 0.000104
2454962.69378448 -0.261884 0.000099
2454962.71421895 -0.367321 0.000094
2454962.73465341 -0.398586 0.000092
2454962.75508788 -0.373743 0.000093
2454962.77552235 -0.333375 0.000095
2454962.79595692 -0.293254 0.000098
2454962.81639129 -0.255239 0.000099
2454962.83682575 -0.219672 0.000101
2454962.85726022 -0.186664 0.000103
2454962.87769469 -0.155470 0.000105
2454962.89812915 -0.126471 0.000107
2454962.91856362 -0.099094 0.000108
2454962.93899809 -0.073149 0.000109
2454962.95943256 -0.048802 0.000111
2454962.97986702 -0.026634 0.000112
2454963.00030139 -0.005070 0.000113
2454963.02073596 0.015017 0.000115
2454963.04117042 0.034943 0.000116
2454963.06160479 0.055389 0.000117
2454963.08203926 0.075561 0.000118
2454963.10247382 0.092743 0.000119
2454963.12290819 0.103741 0.000120
2454963.14334266 0.106817 0.000120
2454963.16377722 0.108805 0.000120
2454963.18421169 0.118211 0.000120
2454963.20464606 0.136680 0.000122
2454963.22508052 0.163624 0.000123
2454963.24551509 0.194418 0.000126
