# # KIC 6186029 Kepler PDCSAP converted to OGLE-like format
# # columns: JD  mag  mag_err
2454964.51287445 0.007138 0.001657
2454964.53330895 0.007093 0.001658
2454964.55374335 -0.014291 0.001630
2454964.57417765 -0.057298 0.001574
2454964.59461205 -0.134058 0.001483
2454964.61504655 -0.219018 0.001386
2454964.63548085 -0.239099 0.001365
2454964.65591525 -0.221580 0.001383
2454964.67634975 -0.194260 0.001414
2454964.69678414 -0.166135 0.001446
2454964.71721844 -0.133821 0.001483
2454964.73765284 -0.100836 0.001520
2454964.75808734 -0.066760 0.001563
2454964.77852164 -0.034178 0.001603
2454964.79895604 0.001657 0.001650
2454964.81939053 0.039423 0.001702
2454964.83982483 0.071664 0.001747
2454964.86025923 0.097303 0.001784
2454964.88069363 0.125791 0.001825
2454964.90112802 0.137821 0.001844
2454964.92156242 0.129466 0.001831
2454964.94199682 0.096453 0.001782
2454964.96243121 0.061089 0.001732
2454964.98286561 0.037277 0.001699
2454965.00330001 0.010376 0.001662
2454965.02373430 0.014314 0.001668
2454965.04416880 0.013111 0.001666
2454965.06460320 0.001235 0.001650
2454965.08503749 -0.037401 0.001600
2454965.10547189 -0.111805 0.001507
2454965.12590639 -0.186573 0.001423
2454965.14634068 -0.214914 0.001391
2454965.16677508 -0.217076 0.001389
2454965.18720957 -0.202734 0.001405
2454965.20764397 -0.186928 0.001422
2454965.22807826 -0.158171 0.001455
2454965.24851266 -0.126909 0.001492
2454965.26894715 -0.084528 0.001541
2454965.28938145 -0.047543 0.001587
2454965.30981584 -0.008757 0.001637
2454965.33025034 0.031435 0.001691
2454965.35068463 0.061310 0.001733
2454965.37111903 0.096799 0.001783
2454965.39155342 0.120204 0.001818
2454965.41198781 0.132468 0.001836
2454965.43242221 0.121772 0.001820
2454965.45285660 0.078332 0.001756
2454965.47329109 0.052216 0.001720
2454965.49372539 0.034319 0.001695
2454965.51415978 0.013753 0.001667
2454965.53459407 0.005286 0.001656
2454965.55502857 0.000124 0.001649
2454965.57546296 -0.014620 0.001629
2454965.59589725 -0.048017 0.001586
2454965.61633175 -0.113624 0.001505
2454965.63676614 -0.194014 0.001414
2454965.65720053 -0.222267 0.001384
2454965.67763482 -0.218104 0.001388
2454965.69806932 -0.204153 0.001403
2454965.71850371 -0.181709 0.001429
2454965.73893800 -0.162710 0.001450
2454965.75937249 -0.119322 0.001500
2454965.77980688 -0.085761 0.001538
2454965.80024117 -0.047298 0.001587
2454965.82067557 -0.009841 0.001636
2454965.84111006 0.025328 0.001683
2454965.86154435 0.060309 0.001731
2454965.88197874 0.091857 0.001776
2454965.90241323 0.119050 0.001815
2454965.92284752 0.133427 0.001838
2454965.94328191 0.123078 0.001822
2454965.96371630 0.096047 0.001782
2454965.98415079 0.057721 0.001728
2454966.00458508 0.020373 0.001676
2454966.02501947 -0.003772 0.001644
2454966.04545386 -0.001045 0.001647
2454966.06588825 0.004114 0.001655
2454966.08632264 -0.006398 0.001640
2454966.10675703 -0.042419 0.001594
2454966.12719142 -0.096563 0.001526
2454966.14762581 -0.170019 0.001441
2454966.16806020 -0.218215 0.001388
2454966.18849459 -0.213197 0.001393
2454966.20892908 -0.198469 0.001409
2454966.22936336 -0.178867 0.001432
2454966.24979775 -0.157089 0.001457
2454966.27023214 -0.122699 0.001497
2454966.29066653 -0.084257 0.001541
2454966.31110092 -0.049999 0.001584
2454966.33153521 -0.004702 0.001642
2454966.35196969 0.033055 0.001694
2454966.37240408 0.065028 0.001738
2454966.39283847 0.078226 0.001755
2454966.41327286 0.109070 0.001801
2454966.43370724 0.121368 0.001819
2454966.45414163 0.117579 0.001814
2454966.47457592 0.074342 0.001751
2454966.49501040 0.045140 0.001710
2454966.51544479 0.026143 0.001684
2454966.53587908 0.008922 0.001661
2454966.55631356 0.015099 0.001669
2454966.57674795 0.017733 0.001672
2454966.59718224 0.008705 0.001661
2454966.61761662 -0.026352 0.001614
2454966.63805111 -0.096980 0.001525
2454966.65848549 -0.171622 0.001440
2454966.67891978 -0.220345 0.001386
2454966.69935427 -0.218597 0.001387
2454966.71978865 -0.198162 0.001410
2454966.74022294 -0.174838 0.001436
2454966.76065732 -0.143871 0.001472
2454966.78109181 -0.112429 0.001507
2454966.80152609 -0.082004 0.001544
2454966.82196048 -0.041774 0.001594
2454966.84239486 -0.010720 0.001635
2454966.86282924 0.025554 0.001683
2454966.88326363 0.060771 0.001732
2454966.90369801 0.084164 0.001765
2454966.92413240 0.119990 0.001818
2454966.94456678 0.132518 0.001836
2454966.96500116 0.116428 0.001813
2454966.98543545 0.093249 0.001779
2454967.00586993 0.059489 0.001731
2454967.02630432 0.041278 0.001705
2454967.04673860 0.010776 0.001663
2454967.06717308 0.003205 0.001653
2454967.08760746 0.003352 0.001654
2454967.10804175 -0.004165 0.001644
2454967.12847613 -0.035590 0.001603
2454967.14891061 -0.072802 0.001555
2454967.16934499 -0.147599 0.001468
2454967.18977928 -0.186145 0.001424
2454967.21021376 -0.193387 0.001416
2454967.23064814 -0.191584 0.001418
2454967.25108242 -0.185313 0.001425
2454967.27151680 -0.167923 0.001445
2454967.29195129 -0.137253 0.001480
2454967.31238557 -0.104046 0.001518
2454967.33281995 -0.064073 0.001567
2454967.35325443 -0.024188 0.001617
2454967.37368871 0.011331 0.001664
2454967.41455747 0.083912 0.001765
2454967.43499185 0.104303 0.001795
2454967.45542623 0.113827 0.001809
2454967.47586061 0.112729 0.001807
2454967.49629509 0.086827 0.001770
2454967.51672937 0.057680 0.001728
2454967.53716375 0.039070 0.001702
2454967.55759803 0.017880 0.001674
2454967.57803251 0.008720 0.001661
2454967.59846689 0.002535 0.001652
2454967.61890117 -0.012894 0.001632
2454967.63933555 -0.040806 0.001596
2454967.65977003 -0.088968 0.001536
2454967.68020441 -0.154466 0.001460
2454967.70063879 -0.205065 0.001403
2454967.72107316 -0.210263 0.001397
2454967.74150754 -0.198748 0.001410
2454967.76194182 -0.179064 0.001432
2454967.78237620 -0.156271 0.001458
2454967.80281068 -0.123150 0.001497
2454967.82324505 -0.084665 0.001541
2454967.84367933 -0.051665 0.001582
2454967.86411381 -0.016523 0.001628
2454967.88454819 0.016423 0.001672
2454967.90498256 0.050440 0.001718
2454967.92541684 0.083233 0.001765
2454967.94585132 0.096033 0.001783
2454967.96628569 0.125245 0.001826
2454967.98671997 0.121073 0.001820
2454968.00715445 0.085687 0.001768
2454968.02758882 0.042179 0.001707
2454968.04802310 0.011297 0.001665
2454968.06845748 -0.007464 0.001640
2454968.08889195 0.001251 0.001652
2454968.10932623 0.014267 0.001669
2454968.12976060 0.006160 0.001658
2454968.15019508 -0.017196 0.001627
2454968.17062945 -0.071086 0.001559
2454968.19106373 -0.128290 0.001491
2454968.21149810 -0.183157 0.001428
2454968.23193258 -0.193220 0.001417
2454968.25236685 -0.190331 0.001420
2454968.27280123 -0.176672 0.001435
2454968.29323550 -0.158276 0.001456
2454968.31366998 -0.131598 0.001487
2454968.33410435 -0.098406 0.001524
2454968.35453863 -0.063853 0.001568
2454968.37497310 -0.025948 0.001616
2454968.39540747 0.016417 0.001672
2454968.41584185 0.053289 0.001723
2454968.43627612 0.083479 0.001766
2454968.45671059 0.108926 0.001803
2454968.47714497 0.118430 0.001816
2454968.49757924 0.108868 0.001803
2454968.51801371 0.078606 0.001759
2454968.53844809 0.050070 0.001718
2454968.55888236 0.037300 0.001701
2454968.57931673 0.018040 0.001675
2454968.59975120 0.015840 0.001672
2454968.62018548 0.011054 0.001665
2454968.64061985 0.012099 0.001666
2454968.66105432 -0.014396 0.001631
2454968.68148869 -0.060282 0.001572
2454968.70192296 -0.127840 0.001492
2454968.72235733 -0.173748 0.001439
2454968.74279181 -0.192398 0.001418
2454968.76322608 -0.194318 0.001416
2454968.78366045 -0.181478 0.001430
2454968.80409492 -0.157624 0.001458
2454968.82452919 -0.129473 0.001490
2454968.84496356 -0.099012 0.001524
2454968.86539793 -0.063606 0.001568
2454968.88583230 -0.027807 0.001613
2454968.90626667 0.009515 0.001662
2454968.92670104 0.045544 0.001712
2454968.94713531 0.079474 0.001760
2454968.96756978 0.105790 0.001798
2454968.98800415 0.117548 0.001815
2454969.00843842 0.111672 0.001807
2454969.02887289 0.090024 0.001775
2454969.04930726 0.063191 0.001737
2454969.06974153 0.032559 0.001694
2454969.09017590 0.013640 0.001669
2454969.11061036 -0.004696 0.001644
2454969.13104473 -0.001155 0.001649
2454969.15147900 -0.009302 0.001638
2454969.17191347 -0.029759 0.001611
2454969.19234784 -0.060754 0.001572
2454969.21278210 -0.106947 0.001515
2454969.23321647 -0.164116 0.001450
2454969.25365094 -0.191363 0.001419
2454969.27408521 -0.191964 0.001418
2454969.29451958 -0.182074 0.001430
2454969.31495404 -0.165023 0.001449
2454969.33538831 -0.139298 0.001480
2454969.35582268 -0.104932 0.001518
2454969.37625704 -0.071055 0.001559
2454969.39669141 -0.037961 0.001601
2454969.41712578 -0.001240 0.001648
2454969.43756014 0.038586 0.001702
2454969.45799461 0.070360 0.001747
2454969.47842887 0.097532 0.001786
2454969.49886324 0.111545 0.001806
2454969.51929761 0.101718 0.001792
2454969.53973197 0.075617 0.001754
2454969.56016634 0.035694 0.001698
2454969.58060070 0.017573 0.001673
2454969.60103507 0.007871 0.001660
2454969.62146943 0.010544 0.001664
2454969.64190380 0.010833 0.001664
2454969.66233816 -0.002885 0.001646
2454969.68277253 -0.028015 0.001614
2454969.70320689 -0.072813 0.001557
2454969.72364125 -0.125497 0.001493
2454969.74407552 -0.170086 0.001443
2454969.76450998 -0.184695 0.001427
2454969.78494435 -0.181899 0.001430
2454969.80537861 -0.173473 0.001439
2454969.82581307 -0.155580 0.001460
2454969.84624744 -0.130490 0.001489
2454969.86668180 -0.097680 0.001526
2454969.88711606 -0.068932 0.001562
2454969.90755053 -0.025236 0.001617
2454969.92798489 0.012478 0.001667
2454969.94841915 0.046698 0.001714
2454969.96885361 0.076500 0.001756
2454969.98928798 0.091881 0.001778
2454970.00972224 0.110416 0.001805
2454970.03015660 0.103963 0.001795
2454970.05059106 0.087446 0.001771
2454970.07102532 0.061802 0.001735
2454970.09145968 0.028167 0.001688
2454970.11189415 0.000714 0.001651
2454970.13232841 0.012393 0.001667
2454970.15276277 0.017712 0.001674
2454970.17319713 0.012006 0.001666
2454970.19363159 -0.008315 0.001639
2454970.21406585 -0.038221 0.001600
2454970.23450021 -0.086184 0.001540
2454970.25493447 -0.138769 0.001479
2454970.27536893 -0.166964 0.001447
2454970.29580329 -0.174477 0.001438
2454970.31623755 -0.170837 0.001442
2454970.33667201 -0.158983 0.001456
2454970.35710637 -0.138232 0.001480
2454970.39797499 -0.071938 0.001558
2454970.41840945 -0.038484 0.001600
2454970.43884381 -0.004930 0.001644
2454970.45927806 0.031186 0.001692
2454970.47971252 0.065650 0.001740
2454970.50014688 0.089199 0.001774
2454970.52058114 0.100039 0.001789
2454970.54101550 0.097704 0.001786
2454970.56144996 0.074399 0.001752
2454970.58188421 0.056559 0.001727
2454970.60231857 0.046527 0.001713
2454970.62275303 0.033205 0.001695
2454970.64318739 0.017094 0.001673
2454970.66362164 0.002047 0.001653
2454970.68405600 -0.009681 0.001637
2454970.70449046 -0.028905 0.001612
2454970.72492471 -0.055637 0.001578
2454970.74535907 -0.105513 0.001516
2454970.76579353 -0.155832 0.001459
2454970.78622778 -0.182850 0.001428
2454970.80666214 -0.187845 0.001423
2454970.82709640 -0.182036 0.001429
2454970.84753085 -0.172838 0.001440
2454970.86796521 -0.147206 0.001469
2454970.88839956 -0.109278 0.001511
2454970.90883382 -0.073763 0.001555
2454970.92926827 -0.037420 0.001601
2454970.94970263 -0.001847 0.001647
2454970.97013688 0.032506 0.001694
2454970.99057134 0.064092 0.001737
2454971.01100569 0.094274 0.001780
2454971.03143995 0.107661 0.001800
2454971.05187430 0.101742 0.001791
2454971.07230875 0.086187 0.001768
2454971.09274311 0.066685 0.001741
2454971.11317736 0.045990 0.001712
2454971.13361182 0.025159 0.001684
2454971.15404617 0.010743 0.001664
2454971.17448042 0.005740 0.001658
2454971.19491478 -0.007519 0.001640
2454971.21534923 -0.029708 0.001611
2454971.23578358 -0.049237 0.001586
2454971.25621783 -0.076220 0.001552
2454971.27665229 -0.126901 0.001490
2454971.29708664 -0.153556 0.001461
2454971.31752089 -0.168955 0.001444
2454971.33795524 -0.173927 0.001439
2454971.35838970 -0.164988 0.001449
2454971.37882405 -0.143571 0.001474
2454971.39925830 -0.112772 0.001507
2454971.41969275 -0.080794 0.001546
2454971.44012710 -0.045369 0.001591
2454971.46056135 -0.013308 0.001632
2454971.48099570 0.021137 0.001678
2454971.50143015 0.052372 0.001721
2454971.52186441 0.076932 0.001756
2454971.54229876 0.092400 0.001778
2454971.56273311 0.091805 0.001777
2454971.58316746 0.077061 0.001755
2454971.60360181 0.051945 0.001721
2454971.62403616 0.025602 0.001684
2454971.64447051 0.019254 0.001675
2454971.66490486 0.027224 0.001687
2454971.68533920 0.026592 0.001685
2454971.70577345 0.013286 0.001668
2454971.72620790 -0.008892 0.001638
2454971.74664225 -0.049512 0.001585
2454971.76707650 -0.092365 0.001532
2454971.78751095 -0.138780 0.001479
2454971.80794530 -0.161614 0.001452
2454971.82837955 -0.171119 0.001441
2454971.84881389 -0.172407 0.001439
2454971.86924834 -0.166843 0.001446
2454971.88968269 -0.145756 0.001471
2454971.91011694 -0.121909 0.001496
2454971.93055139 -0.086035 0.001540
2454971.95098573 -0.048865 0.001586
2454971.97141998 -0.010759 0.001635
2454971.99185433 0.026344 0.001685
2454972.01228877 0.059999 0.001732
2454972.03272302 0.086505 0.001769
2454972.05315737 0.099250 0.001787
2454972.07359181 0.093983 0.001780
2454972.09402606 0.077754 0.001756
2454972.11446041 0.068178 0.001743
2454972.13489475 0.052015 0.001720
2454972.15532910 0.028121 0.001686
2454972.17576344 0.008345 0.001660
2454972.19619779 0.001007 0.001651
2454972.21663203 -0.006235 0.001641
2454972.23706648 -0.020492 0.001623
2454972.25750082 -0.042643 0.001594
2454972.27793507 -0.078848 0.001548
2454972.29836951 -0.119490 0.001499
2454972.31880386 -0.154254 0.001460
2454972.33923820 -0.170706 0.001441
2454972.35967245 -0.170330 0.001442
2454972.38010689 -0.161493 0.001452
2454972.40054123 -0.140150 0.001477
2454972.42097548 -0.112467 0.001508
2454972.44140992 -0.083086 0.001543
2454972.46184426 -0.054343 0.001578
2454972.48227851 -0.022302 0.001620
2454972.50271285 0.015923 0.001670
2454972.52314729 0.047715 0.001714
2454972.54358154 0.078258 0.001757
2454972.56401588 0.087010 0.001769
2454972.58445032 0.081938 0.001762
2454972.60488456 0.066789 0.001741
2454972.62531890 0.062862 0.001734
2454972.64575325 0.053883 0.001722
2454972.66618769 0.038539 0.001700
2454972.68662193 0.036355 0.001698
2454972.70705627 0.033608 0.001694
2454972.72749061 0.018617 0.001674
2454972.74792495 -0.005310 0.001642
2454972.76835929 -0.031950 0.001607
2454972.78879364 -0.068297 0.001561
2454972.80922798 -0.117288 0.001501
2454972.82966232 -0.159145 0.001454
2454972.85009666 -0.184731 0.001426
2454972.87053100 -0.189522 0.001420
2454972.89096534 -0.179768 0.001431
2454972.91139968 -0.157567 0.001456
2454972.93183402 -0.122284 0.001495
2454972.95226846 -0.098242 0.001523
2454972.97270270 -0.056951 0.001575
2454972.99313703 -0.023083 0.001618
2454973.01357127 0.014177 0.001668
2454973.03400571 0.049573 0.001716
2454973.05444005 0.079167 0.001758
2454973.07487439 0.095702 0.001781
2454973.09530873 0.100279 0.001788
2454973.11574307 0.075960 0.001753
2454973.13617740 0.063410 0.001735
2454973.15661164 0.056520 0.001725
2454973.17704608 0.036082 0.001697
2454973.19748042 0.024440 0.001681
2454973.21791465 0.019679 0.001675
2454973.23834909 0.001001 0.001650
2454973.25878343 -0.029668 0.001610
2454973.27921766 -0.055650 0.001576
2454973.29965200 -0.072586 0.001556
2454973.32008644 -0.099172 0.001523
2454973.34052067 -0.130401 0.001485
2454973.38138935 -0.164318 0.001448
2454973.40182378 -0.164522 0.001448
2454973.42225802 -0.161579 0.001452
2454973.44269235 -0.124724 0.001492
2454973.46312679 -0.093585 0.001529
2454973.48356102 -0.060101 0.001570
2454973.50399536 -0.030258 0.001609
2454973.52442959 -0.002807 0.001645
2454973.54486403 0.030900 0.001690
2454973.56529836 0.062264 0.001735
2454973.58573270 0.075309 0.001752
2454973.60616703 0.073078 0.001749
2454973.62660137 0.067307 0.001740
2454973.64703570 0.054069 0.001721
2454973.66746993 0.041737 0.001705
2454973.68790437 0.028260 0.001686
2454973.70833870 0.032566 0.001693
2454973.72877293 0.037769 0.001699
2454973.74920737 0.030536 0.001690
2454973.76964170 0.015404 0.001669
2454973.79007593 -0.015287 0.001628
2454973.81051026 -0.058989 0.001572
2454973.83094470 -0.113446 0.001505
2454973.85137903 -0.150842 0.001464
2454973.87181326 -0.177034 0.001434
2454973.89224759 -0.182429 0.001428
2454973.91268202 -0.182890 0.001427
2454973.93311626 -0.165716 0.001446
2454973.95355059 -0.140985 0.001475
2454973.97398502 -0.107982 0.001512
2454973.99441925 -0.072292 0.001556
2454974.01485358 -0.033643 0.001605
2454974.03528791 0.002252 0.001651
2454974.05572224 0.041487 0.001705
2454974.07615657 0.071637 0.001747
2454974.09659090 0.090477 0.001774
2454974.11702523 0.088188 0.001771
2454974.13745956 0.082145 0.001762
2454974.15789389 0.075632 0.001752
2454974.17832812 0.068867 0.001743
2454974.19876255 0.053707 0.001721
2454974.21919688 0.034008 0.001694
2454974.23963111 0.028407 0.001687
2454974.26006554 0.010989 0.001664
2454974.28049987 -0.009070 0.001637
2454974.30093410 -0.040688 0.001595
2454974.32136842 -0.075579 0.001551
2454974.34180285 -0.117495 0.001500
2454974.36223718 -0.147039 0.001467
2454974.38267141 -0.166385 0.001445
2454974.40310574 -0.171452 0.001439
2454974.42354016 -0.163837 0.001450
2454974.44397449 -0.142768 0.001474
2454974.46440872 -0.118884 0.001499
2454974.48484314 -0.091567 0.001533
2454974.50527747 -0.064112 0.001566
2454974.52571170 -0.034135 0.001604
2454974.54614602 -0.002311 0.001645
2454974.56658035 0.030117 0.001689
2454974.58701478 0.059650 0.001730
2454974.60744900 0.074962 0.001752
2454974.62788343 0.068125 0.001743
2454974.64831775 0.057076 0.001727
2454974.66875198 0.060041 0.001732
2454974.68918631 0.054594 0.001723
2454974.70962073 0.049431 0.001717
2454974.73005496 0.039044 0.001701
2454974.75048928 0.045456 0.001710
2454974.77092371 0.029236 0.001688
2454974.79135793 0.004325 0.001655
2454974.81179225 -0.025441 0.001616
2454974.83222658 -0.043019 0.001593
2454974.85266090 -0.079218 0.001547
2454974.87309523 -0.119585 0.001498
2454974.89352955 -0.153238 0.001462
2454974.91396397 -0.180302 0.001430
2454974.93439820 -0.189645 0.001419
2454974.95483252 -0.174489 0.001437
2454974.97526674 -0.144593 0.001471
2454974.99570117 -0.118349 0.001500
2454975.01613549 -0.084844 0.001540
2454975.03656971 -0.055266 0.001577
2454975.05700403 -0.017251 0.001626
2454975.07743845 0.021410 0.001677
2454975.09787278 0.056945 0.001727
2454975.11830700 0.080692 0.001760
2454975.13874142 0.091184 0.001775
2454975.15917574 0.081110 0.001761
2454975.17960996 0.076066 0.001753
2454975.20004428 0.077125 0.001755
2454975.22047870 0.058627 0.001729
2454975.24091292 0.049331 0.001715
2454975.26134725 0.042747 0.001707
2454975.28178167 0.033740 0.001694
2454975.30221589 0.014483 0.001668
2454975.32265021 -0.027470 0.001612
2454975.34308453 -0.070378 0.001558
2454975.36351895 -0.105655 0.001515
2454975.38395317 -0.134156 0.001481
2454975.40438748 -0.157599 0.001456
2454975.42482190 -0.172149 0.001439
2454975.44525612 -0.173638 0.001438
2454975.46569044 -0.159961 0.001454
2454975.48612466 -0.131007 0.001485
2454975.50655908 -0.106053 0.001515
2454975.52699340 -0.075464 0.001552
2454975.54742772 -0.045400 0.001590
2454975.56786193 -0.007809 0.001638
2454975.58829635 0.014359 0.001668
2454975.60873067 0.054652 0.001723
2454975.62916489 0.067649 0.001741
2454975.64959930 0.066247 0.001739
2454975.67003362 0.059356 0.001730
2454975.69046784 0.057125 0.001726
2454975.71090215 0.067112 0.001741
2454975.73133657 0.050976 0.001718
2454975.75177079 0.053104 0.001721
2454975.77220510 0.053110 0.001721
2454975.79263952 0.042227 0.001706
2454975.81307374 0.014786 0.001669
2454975.83350805 -0.020297 0.001622
2454975.85394237 -0.056866 0.001575
2454975.87437678 -0.092960 0.001530
2454975.89481100 -0.125815 0.001491
2454975.91524531 -0.151268 0.001463
2454975.93567973 -0.171513 0.001440
2454975.95611394 -0.177459 0.001433
2454975.97654826 -0.166547 0.001445
2454975.99698247 -0.145322 0.001470
2454976.01741689 -0.120607 0.001497
2454976.03785120 -0.091414 0.001531
2454976.05828551 -0.058409 0.001573
2454976.07871983 -0.024618 0.001616
2454976.09915414 0.013382 0.001667
2454976.11958845 0.044679 0.001710
2454976.14002277 0.067695 0.001742
2454976.16045708 0.071575 0.001747
2454976.18089139 0.065153 0.001738
2454976.20132560 0.063041 0.001735
2454976.22175992 0.077644 0.001755
2454976.24219433 0.065898 0.001738
2454976.26262864 0.057278 0.001727
2454976.28306295 0.058566 0.001728
2454976.30349726 0.052033 0.001719
2454976.32393158 0.028138 0.001686
2454976.36480010 -0.036423 0.001601
2454976.38523451 -0.077609 0.001549
2454976.40566882 -0.124643 0.001492
2454976.42610303 -0.151859 0.001462
2454976.44653744 -0.179429 0.001431
2454976.46697175 -0.190983 0.001418
2454976.48740596 -0.179138 0.001430
2454976.50784027 -0.149267 0.001465
2454976.52827468 -0.118348 0.001499
2454976.54870899 -0.088986 0.001534
2454976.56914320 -0.058409 0.001573
2454976.58957761 -0.024617 0.001615
2454976.61001192 0.014174 0.001667
2454976.63044613 0.042469 0.001705
2454976.65088044 0.067372 0.001741
2454976.67131485 0.071865 0.001748
2454976.69174905 0.062040 0.001733
2454976.71218336 0.063160 0.001735
2454976.73261767 0.079335 0.001758
2454976.75305198 0.065447 0.001739
2454976.77348629 0.060707 0.001732
2454976.79392059 0.073686 0.001749
2454976.81435490 0.058712 0.001729
2454976.83478921 0.021451 0.001677
2454976.85522351 -0.022301 0.001619
2454976.87565772 -0.061331 0.001569
2454976.89609213 -0.089851 0.001534
2454976.91652643 -0.123797 0.001493
2454976.93696064 -0.150752 0.001464
2454976.95739505 -0.172746 0.001439
2454976.97782935 -0.184569 0.001425
2454976.99826356 -0.175420 0.001436
2454977.01869786 -0.155144 0.001458
2454977.03913227 -0.129510 0.001486
2454977.05956657 -0.100958 0.001520
2454977.08000078 -0.069263 0.001559
2454977.10043518 -0.031884 0.001607
2454977.12086949 0.004432 0.001655
2454977.14130369 0.035477 0.001696
2454977.16173800 0.059249 0.001730
2454977.18217240 0.066897 0.001740
2454977.20260660 0.066133 0.001739
2454977.22304091 0.073485 0.001749
2454977.24347531 0.092401 0.001777
2454977.26390952 0.077514 0.001755
2454977.28434382 0.068697 0.001743
2454977.30477812 0.064233 0.001736
2454977.32521242 0.050200 0.001716
2454977.34564673 0.031251 0.001690
2454977.36608103 -0.009458 0.001635
2454977.38651523 -0.053229 0.001579
2454977.40694963 -0.084148 0.001540
2454977.42738394 -0.114049 0.001504
2454977.44781814 -0.139944 0.001477
2454977.46825254 -0.161862 0.001452
2454977.48868684 -0.173430 0.001438
2454977.50912104 -0.169285 0.001443
2454977.52955534 -0.153577 0.001461
2454977.54998974 -0.134259 0.001480
2454977.57042404 -0.107429 0.001511
2454977.59085824 -0.080031 0.001545
2454977.61129265 -0.045641 0.001589
2454977.63172695 -0.007860 0.001638
2454977.65216115 0.033527 0.001695
2454977.67259545 0.048098 0.001715
2454977.69302984 0.055922 0.001726
2454977.71346404 0.056293 0.001727
2454977.73389834 0.058771 0.001729
2454977.75433274 0.075845 0.001753
2454977.77476694 0.072684 0.001748
2454977.79520124 0.061504 0.001732
2454977.81563554 0.077443 0.001754
2454977.83606994 0.079629 0.001758
2454977.85650414 0.055237 0.001724
2454977.87693843 0.023727 0.001681
2454977.89737273 -0.019425 0.001624
2454977.91780703 -0.074783 0.001553
2454977.93824133 -0.123113 0.001494
2454977.95867562 -0.165529 0.001447
2454977.97911002 -0.203041 0.001404
2454977.99954422 -0.218907 0.001387
2454978.01997851 -0.200813 0.001406
2454978.04041281 -0.172896 0.001438
2454978.06084711 -0.143900 0.001472
2454978.08128140 -0.112444 0.001506
2454978.10171570 -0.081341 0.001544
2454978.12215009 -0.043015 0.001592
2454978.14258429 -0.000124 0.001648
2454978.16301859 0.039695 0.001703
2454978.18345278 0.066844 0.001741
2454978.20388718 0.082392 0.001762
2454978.22432147 0.081100 0.001761
2454978.24475567 0.083449 0.001764
2454978.26519006 0.097871 0.001785
2454978.28562435 0.098049 0.001785
2454978.30605865 0.085783 0.001767
2454978.32649284 0.078881 0.001757
2454978.34692724 0.066312 0.001739
2454978.36736153 0.038985 0.001701
2454978.38779572 -0.009574 0.001636
2454978.40823012 -0.047885 0.001587
2454978.42866441 -0.078491 0.001548
2454978.44909860 -0.110659 0.001508
2454978.46953290 -0.139497 0.001474
2454978.48996729 -0.165383 0.001447
2454978.51040148 -0.176593 0.001434
2454978.53083577 -0.179320 0.001431
2454978.55127006 -0.160903 0.001451
2454978.57170446 -0.134766 0.001480
2454978.59213865 -0.106589 0.001513
2454978.61257294 -0.079378 0.001546
2454978.63300733 -0.047428 0.001587
2454978.65344152 -0.012460 0.001632
2454978.67387581 0.020977 0.001676
2454978.69431000 0.043833 0.001707
2454978.71474439 0.047605 0.001713
2454978.73517868 0.046768 0.001712
2454978.75561297 0.053246 0.001721
2454978.77604726 0.079415 0.001758
2454978.79648155 0.075101 0.001752
2454978.81691584 0.078088 0.001756
2454978.83735003 0.081045 0.001760
2454978.85778442 0.091316 0.001775
2454978.87821871 0.068725 0.001743
2454978.89865290 0.025744 0.001683
2454978.91908729 -0.022038 0.001619
2454978.93952158 -0.071110 0.001557
2454978.95995576 -0.104802 0.001515
2454978.98039005 -0.144647 0.001470
2454979.00082444 -0.181672 0.001428
2454979.02125873 -0.207822 0.001399
2454979.04169292 -0.208762 0.001397
2454979.06212730 -0.190441 0.001418
2454979.08256159 -0.161002 0.001451
2454979.10299578 -0.132562 0.001482
2454979.12343006 -0.101830 0.001519
2454979.14386445 -0.064361 0.001565
2454979.16429864 -0.017832 0.001624
2454979.18473292 0.019080 0.001673
2454979.20516721 0.044911 0.001708
2454979.22560149 0.062916 0.001733
2454979.24603578 0.072012 0.001746
2454979.26647007 0.084810 0.001764
2454979.28690435 0.107686 0.001797
2454979.30733864 0.122611 0.001820
2454979.34820711 0.102945 0.001792
2454979.36864149 0.090669 0.001775
2454979.38907578 0.075504 0.001753
2454979.40950996 0.028532 0.001687
2454979.42994434 -0.021372 0.001621
2454979.45037863 -0.078453 0.001548
2454979.47081281 -0.120064 0.001497
2454979.49124719 -0.167718 0.001445
2454979.51168148 -0.194679 0.001414
2454979.53211576 -0.204376 0.001403
2454979.55254994 -0.192502 0.001417
2454979.57298433 -0.170009 0.001442
2454979.59341861 -0.139579 0.001474
2454979.61385289 -0.112769 0.001506
2454979.63428707 -0.084664 0.001540
2454979.65472145 -0.046946 0.001587
2454979.67515574 -0.013118 0.001631
2454979.69558992 0.018492 0.001673
2454979.71602430 0.043083 0.001706
2454979.73645858 0.053982 0.001722
2454979.75689286 0.055324 0.001723
2454979.77732704 0.058537 0.001729
2454979.79776142 0.070489 0.001744
2454979.81819570 0.093403 0.001778
2454979.83862988 0.090712 0.001774
2454979.85906416 0.102438 0.001791
2454979.87949854 0.108106 0.001799
2454979.89993272 0.084537 0.001765
2454979.92036700 0.029649 0.001688
2454979.94080138 -0.017092 0.001626
2454979.96123556 -0.055018 0.001577
2454979.98166984 -0.092671 0.001530
2454980.00210412 -0.135663 0.001478
2454980.02253840 -0.175578 0.001435
2454980.04297268 -0.203231 0.001404
2454980.06340695 -0.212516 0.001393
2454980.08384133 -0.200980 0.001406
2454980.10427551 -0.179165 0.001431
2454980.12470979 -0.151182 0.001463
2454980.14514396 -0.118156 0.001499
2454980.16557834 -0.075930 0.001551
2454980.18601262 -0.037723 0.001598
2454980.20644680 0.005571 0.001655
2454980.22688117 0.034501 0.001694
2454980.24731545 0.055465 0.001724
2454980.26774973 0.067518 0.001740
2454980.28818390 0.080917 0.001759
2454980.30861828 0.103643 0.001793
2454980.32905255 0.111332 0.001803
2454980.34948673 0.116686 0.001811
2454980.36992100 0.120694 0.001817
2454980.39035538 0.112169 0.001804
2454980.41078955 0.084610 0.001765
2454980.43122383 0.044397 0.001708
2454980.45165820 -0.014975 0.001628
2454980.47209238 -0.069978 0.001557
2454980.49252665 -0.124419 0.001491
2454980.51296093 -0.158105 0.001454
2454980.53339530 -0.191034 0.001417
2454980.55382947 -0.212824 0.001393
2454980.57426375 -0.208392 0.001398
2454980.59469812 -0.184877 0.001424
2454980.61513229 -0.163750 0.001448
2454980.63556657 -0.139992 0.001480
2454980.65600074 -0.100131 0.001521
2454980.67643511 -0.060788 0.001569
2454980.69686938 -0.025973 0.001613
2454980.71730355 0.007652 0.001658
2454980.73773793 0.032582 0.001692
2454980.75817220 0.052082 0.001717
2454980.77860647 0.058968 0.001728
2454980.79904064 0.072106 0.001747
2454980.81947501 0.092292 0.001775
2454980.83990928 0.115495 0.001809
2454980.86034345 0.104721 0.001793
2454980.88077772 0.117036 0.001811
2454980.92164627 0.109677 0.001800
2454980.94208053 0.069388 0.001743
2454980.96251490 0.002511 0.001651
2454980.98294907 -0.062602 0.001567
2454981.00338334 -0.100778 0.001519
2454981.02381761 -0.145400 0.001467
2454981.04425198 -0.189594 0.001418
2454981.06468615 -0.214756 0.001391
2454981.08512042 -0.220455 0.001385
2454981.10555479 -0.203681 0.001403
2454981.12598896 -0.178998 0.001431
2454981.14642322 -0.153443 0.001461
2454981.16685749 -0.123714 0.001493
2454981.18729176 -0.085055 0.001539
2454981.20772603 -0.044391 0.001590
2454981.22816029 -0.002791 0.001644
2454981.24859466 0.025497 0.001682
2454981.26902883 0.048748 0.001714
2454981.28946310 0.065070 0.001736
2454981.30989736 0.079794 0.001758
2454981.33033163 0.103571 0.001791
2454981.35076589 0.134866 0.001838
2454981.37120016 0.133002 0.001836
2454981.39163433 0.134478 0.001838
2454981.41206869 0.134030 0.001837
2454981.43250296 0.107298 0.001796
2454981.45293722 0.062716 0.001733
2454981.47337149 0.006747 0.001656
2454981.49380575 -0.049862 0.001583
2454981.51424002 -0.105309 0.001514
2454981.53467418 -0.158329 0.001453
2454981.55510854 -0.209889 0.001396
2454981.57554281 -0.239599 0.001363
2454981.59597697 -0.237238 0.001366
2454981.61641134 -0.214909 0.001390
2454981.63684560 -0.186460 0.001422
2454981.65727976 -0.149772 0.001464
2454981.67771403 -0.114610 0.001502
2454981.69814839 -0.076775 0.001548
2454981.71858255 -0.031149 0.001606
2454981.73901681 0.009724 0.001660
2454981.75945118 0.037625 0.001698
2454981.77988544 0.057275 0.001725
2454981.80031960 0.075119 0.001750
2454981.82075386 0.081283 0.001760
2454981.84118822 0.095996 0.001781
2454981.86162238 0.122362 0.001819
2454981.88205665 0.121271 0.001818
2454981.90249101 0.116124 0.001809
2454981.92292517 0.122195 0.001818
2454981.94335943 0.117203 0.001811
2454981.96379369 0.084409 0.001763
2454981.98422795 0.015131 0.001667
2454982.00466221 -0.045762 0.001587
2454982.02509647 -0.089552 0.001532
2454982.04553063 -0.129432 0.001484
2454982.06596499 -0.179788 0.001428
2454982.08639925 -0.216891 0.001387
2454982.10683340 -0.227507 0.001376
2454982.12726776 -0.218230 0.001387
2454982.14770202 -0.196081 0.001412
2454982.16813618 -0.173826 0.001437
2454982.18857044 -0.139629 0.001474
2454982.20900480 -0.106404 0.001513
2454982.22943905 -0.058322 0.001572
2454982.24987321 -0.015892 0.001626
2454982.27030757 0.018226 0.001671
2454982.29074183 0.039864 0.001701
2454982.33161024 0.068441 0.001738
2454982.35204460 0.092304 0.001771
2454982.37247875 0.118996 0.001809
2454982.39291301 0.125047 0.001819
2454982.41334736 0.135578 0.001835
2454982.43378152 0.145657 0.001851
2454982.45421578 0.138703 0.001842
2454982.47465003 0.106378 0.001796
2454982.49508429 0.055479 0.001724
2454982.51551854 -0.019907 0.001624
2454982.53595280 -0.087569 0.001539
2454982.55638715 -0.147352 0.001469
2454982.57682130 -0.206792 0.001401
2454982.59725556 -0.249543 0.001354
2454982.61768971 -0.256516 0.001345
2454982.63812407 -0.237668 0.001366
2454982.65855832 -0.203929 0.001403
2454982.67899247 -0.170308 0.001440
2454982.69942673 -0.131560 0.001483
2454982.71986108 -0.092775 0.001528
2454982.74029533 -0.056599 0.001572
2454982.76072949 -0.021425 0.001617
2454982.78116384 0.013236 0.001663
2454982.80159809 0.043315 0.001704
2454982.82203224 0.067731 0.001739
2454982.84246649 0.089635 0.001771
2454982.86290085 0.114543 0.001807
2454982.88333510 0.137848 0.001842
2454982.90376925 0.153992 0.001866
2454982.92420360 0.156261 0.001870
2454982.94463785 0.149659 0.001860
2454982.96507210 0.125445 0.001822
2454982.98550625 0.084901 0.001764
2454983.00594060 0.025494 0.001683
2454983.02637485 -0.053475 0.001588
2454983.04680900 -0.105176 0.001512
2454983.06724335 -0.156569 0.001456
2454983.08767760 -0.208070 0.001398
2454983.10811175 -0.242702 0.001360
2454983.12854600 -0.241524 0.001362
2454983.14898035 -0.222627 0.001382
2454983.16941450 -0.200143 0.001406
2454983.18984874 -0.172731 0.001437
2454983.21028309 -0.135830 0.001477
2454983.23071724 -0.091870 0.001530
2454983.25115149 -0.049576 0.001583
2454983.27158574 -0.010786 0.001633
2454983.29202008 0.020646 0.001673
2454983.31245423 0.041077 0.001702
2454983.33288848 0.063797 0.001734
2454983.35332262 0.079338 0.001756
2454983.37375697 0.096123 0.001780
2454983.39419122 0.132454 0.001834
2454983.41462536 0.145859 0.001854
2454983.43505971 0.142233 0.001848
2454983.45549395 0.156046 0.001870
2454983.47592820 0.159562 0.001875
2454983.49636235 0.132929 0.001834
2454983.51679669 0.066252 0.001738
2454983.53723094 -0.010148 0.001634
2454983.55766508 -0.073234 0.001553
2454983.57809943 -0.131759 0.001482
2454983.59853367 -0.194088 0.001413
2454983.61896781 -0.240686 0.001362
2454983.63940206 -0.266303 0.001335
2454983.65983640 -0.265755 0.001336
2454983.68027055 -0.244010 0.001359
2454983.70070479 -0.209384 0.001396
2454983.72113913 -0.164711 0.001447
2454983.74157338 -0.112809 0.001505
2454983.76200752 -0.065527 0.001562
2454983.78244176 -0.019398 0.001621
2454983.80287610 0.019936 0.001673
2454983.82331025 0.045504 0.001709
2454983.84374449 0.077464 0.001754
2454983.86417883 0.103016 0.001790
2454983.88461297 0.125106 0.001822
2454983.90504721 0.152765 0.001863
2454983.92548145 0.169775 0.001890
2454983.94591569 0.177438 0.001902
2454983.96634994 0.175880 0.001899
2454983.98678418 0.160197 0.001874
2454984.00721832 0.131185 0.001832
2454984.02765266 0.066280 0.001738
2454984.04808690 -0.023781 0.001616
2454984.06852104 -0.106312 0.001512
2454984.08895538 -0.173278 0.001437
2454984.10938962 -0.237740 0.001365
2454984.12982375 -0.279252 0.001322
2454984.15025799 -0.284041 0.001316
2454984.17069233 -0.261978 0.001340
2454984.19112647 -0.231348 0.001373
2454984.21156071 -0.196136 0.001411
2454984.23199505 -0.155478 0.001457
2454984.25242929 -0.107653 0.001511
2454984.27286342 -0.058515 0.001571
2454984.29329766 -0.009506 0.001634
2454984.31373200 0.029141 0.001686
2454984.33416613 0.055633 0.001723
2454984.35460037 0.082415 0.001761
2454984.37503471 0.105252 0.001794
2454984.39546885 0.127655 0.001827
2454984.41590308 0.162422 0.001879
2454984.43633732 0.178624 0.001904
2454984.45677155 0.192439 0.001924
2454984.47720579 0.188594 0.001922
2454984.49764002 0.168065 0.001889
2454984.51807426 0.127893 0.001828
2454984.53850849 0.064584 0.001736
2454984.55894273 -0.016548 0.001626
2454984.57937696 -0.085638 0.001538
2454984.59981130 -0.144851 0.001467
2454984.62024543 -0.206494 0.001399
2454984.64067967 -0.251270 0.001351
2454984.68154813 -0.247683 0.001355
2454984.70198237 -0.221040 0.001383
2454984.72241660 -0.185328 0.001423
2454984.74285083 -0.149061 0.001462
2454984.76328507 -0.107272 0.001512
2454984.78371930 -0.063276 0.001566
2454984.80415343 -0.023578 0.001616
2454984.82458776 0.010068 0.001661
2454984.84502200 0.037629 0.001698
2454984.86545613 0.058814 0.001727
2454984.88589046 0.081800 0.001760
2454984.90632469 0.110314 0.001801
2454984.92675882 0.140493 0.001845
2454984.94719305 0.159329 0.001875
2454984.96762738 0.167522 0.001886
2454984.98806162 0.184690 0.001913
2454985.00849575 0.187332 0.001915
2454985.02893008 0.158280 0.001873
2454985.04936431 0.081947 0.001760
2454985.06979844 0.005191 0.001654
2454985.09023266 -0.058940 0.001570
2454985.11066699 -0.129253 0.001485
2454985.13110112 -0.217067 0.001388
2454985.15153535 -0.292792 0.001308
2454985.17196958 -0.321809 0.001278
2454985.19240381 -0.308777 0.001291
2454985.21283804 -0.279492 0.001321
2454985.23327227 -0.235411 0.001367
2454985.25370659 -0.181901 0.001426
2454985.27414072 -0.127400 0.001487
2454985.31500908 -0.015701 0.001627
2454985.33544340 0.027737 0.001684
2454985.35587763 0.061645 0.001731
2454985.37631176 0.092536 0.001775
2454985.39674608 0.119741 0.001814
2454985.41718031 0.143437 0.001850
2454985.43761454 0.169031 0.001890
2454985.45804866 0.191464 0.001921
2454985.47848299 0.212479 0.001955
2454985.49891721 0.208521 0.001948
2454985.51935134 0.193573 0.001924
2454985.53978566 0.165768 0.001883
2454985.56021989 0.102209 0.001789
2454985.58065401 -0.007524 0.001638
2454985.60108824 -0.105624 0.001513
2454985.62152256 -0.179451 0.001429
2454985.64195669 -0.242068 0.001361
2454985.68282513 -0.299371 0.001301
2454985.70325936 -0.283371 0.001317
2454985.72369358 -0.255641 0.001346
2454985.74412780 -0.211832 0.001393
2454985.76456212 -0.167388 0.001443
2454985.78499625 -0.119186 0.001498
2454985.80543047 -0.062466 0.001566
2454985.82586459 -0.017521 0.001623
2454985.84629891 0.029218 0.001687
2454985.86673313 0.045760 0.001707
2454985.88716726 0.084571 0.001764
2454985.90760158 0.107375 0.001796
2454985.92803580 0.132331 0.001833
2454985.94847002 0.161284 0.001876
2454985.96890414 0.187252 0.001915
2454985.98933846 0.205367 0.001943
2454986.00977268 0.211047 0.001952
2454986.03020680 0.193317 0.001924
2454986.05064112 0.160890 0.001876
2454986.07107534 0.097127 0.001781
2454986.09150946 0.021136 0.001675
2454986.11194368 -0.047987 0.001585
2454986.13237800 -0.126612 0.001488
2454986.15281212 -0.215518 0.001389
2454986.17324633 -0.287547 0.001313
2454986.19368055 -0.315088 0.001284
2454986.21411487 -0.303398 0.001296
2454986.23454909 -0.272150 0.001328
2454986.25498321 -0.228239 0.001375
2454986.27541752 -0.181123 0.001427
2454986.29585174 -0.132376 0.001481
2454986.31628586 -0.081950 0.001541
2454986.33672008 -0.030642 0.001606
2454986.35715429 0.009646 0.001659
2454986.37758851 0.050638 0.001716
2454986.39802273 0.082277 0.001761
2454986.41845704 0.108855 0.001799
2454986.43889126 0.131203 0.001831
2454986.45932537 0.160337 0.001875
2454986.47975959 0.193421 0.001924
2454986.50019390 0.212205 0.001954
2454986.52062802 0.215297 0.001959
2454986.54106223 0.219237 0.001966
2454986.56149655 0.196418 0.001929
2454986.58193066 0.121510 0.001817
2454986.60236488 0.020886 0.001673
2454986.62279909 -0.062285 0.001566
2454986.64323330 -0.144998 0.001468
2454986.66366752 -0.238615 0.001365
2454986.68410173 -0.318243 0.001282
2454986.70453584 -0.347482 0.001252
2454986.72497016 -0.326079 0.001273
2454986.74540437 -0.279298 0.001321
2454986.76583848 -0.228630 0.001375
2454986.78627279 -0.174397 0.001436
2454986.80670701 -0.117891 0.001499
2454986.82714112 -0.069116 0.001558
2454986.84757533 -0.022312 0.001617
2454986.86800964 0.014540 0.001666
2454986.88844375 0.055981 0.001723
2454986.90887796 0.085075 0.001764
2454986.92931227 0.113258 0.001805
2454986.94974648 0.137787 0.001842
2454986.97018059 0.170436 0.001892
2454986.99061480 0.194394 0.001926
2454987.01104911 0.215893 0.001960
2454987.03148322 0.230521 0.001983
2454987.05191743 0.231448 0.001985
2454987.07235174 0.199037 0.001935
2454987.09278585 0.108434 0.001798
2454987.11322006 0.005733 0.001655
2454987.13365427 -0.069591 0.001557
2454987.15408848 -0.142083 0.001470
2454987.17452269 -0.235927 0.001367
2454987.19495689 -0.320507 0.001279
2454987.21539110 -0.350936 0.001250
2454987.23582531 -0.335487 0.001265
2454987.25625952 -0.294777 0.001306
2454987.27669362 -0.248036 0.001355
2454987.29712793 -0.192468 0.001416
2454987.31756214 -0.132638 0.001482
2454987.33799624 -0.071725 0.001556
2454987.35843045 -0.020645 0.001620
2454987.37886476 0.022475 0.001677
2454987.39929886 0.058451 0.001727
2454987.41973307 0.092196 0.001773
2454987.44016737 0.120266 0.001814
2454987.46060158 0.147059 0.001854
2454987.48103568 0.176768 0.001901
2454987.50146989 0.210917 0.001952
2454987.52190419 0.231284 0.001985
2454987.54233830 0.232524 0.001988
2454987.56277250 0.224973 0.001975
2454987.58320681 0.207170 0.001946
2454987.60364091 0.169165 0.001892
2454987.62407511 0.083184 0.001765
2454987.64450932 -0.032064 0.001608
2454987.66494352 -0.144663 0.001469
2454987.68537772 -0.246268 0.001358
2454987.70581192 -0.315175 0.001286
2454987.72624623 -0.337163 0.001263
2454987.74668033 -0.330389 0.001270
2454987.76711453 -0.290531 0.001310
2454987.78754873 -0.242412 0.001360
2454987.80798293 -0.196892 0.001409
2454987.82841714 -0.146186 0.001463
2454987.84885124 -0.091794 0.001528
2454987.86928554 -0.040346 0.001592
2454987.88971974 0.005130 0.001652
2454987.91015394 0.045699 0.001708
2454987.93058814 0.089200 0.001770
2454987.95102234 0.120874 0.001816
2454987.97145654 0.152091 0.001863
2454987.99189074 0.181836 0.001908
2454988.01232484 0.198502 0.001932
2454988.03275914 0.224987 0.001975
2454988.05319334 0.241054 0.002000
2454988.07362744 0.248584 0.002014
2454988.09406173 0.214538 0.001958
2454988.11449593 0.130500 0.001830
2454988.13493003 0.036145 0.001696
2454988.15536423 -0.040151 0.001594
2454988.17579853 -0.119693 0.001496
2454988.19623272 -0.233747 0.001370
2454988.21666682 -0.344348 0.001256
2454988.23710102 -0.385438 0.001217
2454988.25753531 -0.361149 0.001240
2454988.29840361 -0.256295 0.001345
2454988.31883790 -0.196691 0.001410
2454988.33927200 -0.143604 0.001468
2454988.35970620 -0.090325 0.001532
2454988.38014039 -0.036130 0.001599
2454988.40057459 0.011808 0.001662
2454988.42100878 0.057401 0.001724
2454988.44144298 0.094972 0.001778
2454988.46187727 0.128113 0.001827
2454988.48231137 0.154367 0.001866
2454988.50274556 0.181607 0.001908
2454988.52317965 0.214464 0.001957
2454988.54361395 0.241053 0.002000
2454988.58448223 0.264593 0.002042
2454988.60491653 0.229697 0.001982
2454988.62535072 0.167802 0.001886
2454988.64578491 0.071890 0.001745
2454988.66621901 -0.046266 0.001586
2454988.68665330 -0.159563 0.001450
2454988.70708749 -0.262207 0.001339
2454988.72752158 -0.345204 0.001255
2454988.74795577 -0.378016 0.001223
2454988.76839007 -0.363815 0.001237
2454988.78882416 -0.316163 0.001284
2454988.80925835 -0.258078 0.001344
2454988.82969264 -0.194424 0.001413
2454988.85012673 -0.134976 0.001478
2454988.87056092 -0.074010 0.001551
2454988.89099511 -0.019146 0.001621
2454988.91142940 0.027729 0.001683
2454988.93186349 0.070200 0.001742
2454988.95229768 0.100171 0.001785
2454988.97273197 0.130373 0.001830
2454988.99316606 0.159120 0.001873
2454989.01360025 0.188912 0.001919
2454989.03403433 0.211962 0.001953
2454989.05446862 0.238169 0.001995
2454989.07490281 0.255426 0.002024
2454989.09533700 0.256303 0.002025
2454989.11577119 0.245823 0.002009
2454989.13620537 0.188810 0.001919
2454989.15663956 0.076104 0.001750
2454989.17707365 -0.032631 0.001603
2454989.19750794 -0.131539 0.001482
2454989.21794212 -0.240072 0.001363
2454989.23837621 -0.338395 0.001261
2454989.25881039 -0.392466 0.001210
2454989.27924468 -0.388878 0.001213
2454989.29967877 -0.336994 0.001263
2454989.32011295 -0.275233 0.001325
2454989.34054724 -0.213012 0.001391
2454989.36098132 -0.145277 0.001466
2454989.38141551 -0.086059 0.001537
2454989.40184969 -0.036593 0.001598
2454989.42228398 0.003608 0.001650
2454989.44271806 0.063997 0.001733
2454989.46315224 0.102941 0.001789
2454989.48358653 0.139995 0.001844
2454989.50402061 0.169566 0.001889
2454989.52445479 0.194966 0.001927
2454989.54488898 0.226981 0.001976
2454989.56532316 0.250029 0.002014
2454989.58575734 0.262548 0.002033
2454989.60619153 0.274147 0.002051
2454989.62662571 0.252612 0.002018
2454989.64705989 0.188026 0.001915
2454989.66749407 0.102039 0.001787
2454989.68792825 0.001790 0.001648
2454989.70836243 -0.122673 0.001491
2454989.72879662 -0.270909 0.001329
2454989.74923080 -0.390684 0.001211
2454989.76966488 -0.423752 0.001181
2454989.79009916 -0.388282 0.001213
2454989.81053334 -0.330225 0.001270
2454989.83096752 -0.264568 0.001336
2454989.85140170 -0.202787 0.001402
2454989.87183588 -0.145751 0.001465
2454989.89227006 -0.090855 0.001530
2454989.91270414 -0.038860 0.001595
2454989.93313842 0.013381 0.001663
2454989.95357259 0.062766 0.001731
2454989.97400667 0.100335 0.001785
2454989.99444095 0.133410 0.001833
2454990.01487513 0.166036 0.001884
2454990.03530921 0.196023 0.001930
2454990.05574338 0.221533 0.001967
2454990.07617766 0.240423 0.001999
2454990.09661174 0.265252 0.002037
2454990.11704592 0.276679 0.002056
2454990.13748019 0.269216 0.002043
2454990.15791437 0.198960 0.001932
2454990.17834844 0.078925 0.001754
2454990.19878262 -0.032957 0.001603
2454990.21921690 -0.127364 0.001487
2454990.23965097 -0.248142 0.001354
2454990.26008515 -0.367563 0.001233
2454990.28051932 -0.420688 0.001183
2454990.30095350 -0.406408 0.001197
2454990.32138767 -0.351222 0.001249
2454990.34182185 -0.285938 0.001314
2454990.36225602 -0.214200 0.001390
2454990.38269020 -0.147374 0.001463
2454990.40312437 -0.088425 0.001533
2454990.42355844 -0.028008 0.001609
2454990.44399272 0.021251 0.001674
2454990.46442689 0.067934 0.001738
2454990.48486096 0.111665 0.001802
2454990.50529524 0.146366 0.001854
2454990.52572941 0.172484 0.001893
2454990.54616348 0.207217 0.001945
2454990.56659765 0.236961 0.001993
2454990.58703192 0.259158 0.002027
2454990.60746600 0.275469 0.002054
2454990.62790017 0.285616 0.002070
2454990.64833444 0.278051 0.002058
2454990.66876861 0.226831 0.001977
2454990.68920268 0.115996 0.001808
2454990.70963685 -0.006553 0.001637
2454990.73007112 -0.132661 0.001480
2454990.75050519 -0.255418 0.001346
2454990.77093936 -0.378058 0.001223
2454990.79137363 -0.446543 0.001162
2454990.81180770 -0.427794 0.001177
2454990.83224187 -0.363157 0.001237
2454990.85267604 -0.289070 0.001311
2454990.87311021 -0.218752 0.001385
2454990.89354437 -0.149699 0.001460
2454990.91397854 -0.086945 0.001535
2454990.93441261 -0.031573 0.001604
2454990.95484688 0.021700 0.001675
2454990.97528105 0.062294 0.001731
2454990.99571511 0.108418 0.001797
2454991.01614938 0.147730 0.001856
2454991.03658355 0.183512 0.001911
2454991.05701761 0.210552 0.001951
2454991.07745178 0.240447 0.001999
2454991.09788605 0.259777 0.002030
2454991.11832021 0.279412 0.002059
2454991.13875428 0.285601 0.002068
2454991.15918854 0.279361 0.002058
2454991.17962271 0.222792 0.001969
2454991.20005677 0.127470 0.001824
2454991.22049094 0.029422 0.001683
2454991.24092520 -0.088899 0.001531
2454991.28179343 -0.408639 0.001194
2454991.30222770 -0.468293 0.001141
2454991.32266186 -0.438497 0.001168
2454991.34309592 -0.367786 0.001232
2454991.36353009 -0.295163 0.001305
2454991.38396435 -0.227526 0.001375
2454991.40439851 -0.160608 0.001447
2454991.42483258 -0.102985 0.001514
2454991.44526674 -0.040550 0.001592
2454991.46570100 0.020271 0.001672
2454991.48613506 0.067896 0.001739
2454991.50656922 0.111069 0.001801
2454991.52700349 0.148419 0.001856
2454991.54743755 0.180333 0.001905
2454991.56787171 0.209186 0.001946
2454991.58830587 0.236096 0.001990
2454991.60874003 0.268180 0.002041
2454991.62917419 0.292263 0.002083
2454991.64960835 0.296865 0.002089
2454991.67004261 0.286261 0.002069
2454991.69047667 0.242471 0.002001
2454991.71091083 0.148489 0.001856
2454991.73134489 0.022314 0.001675
2454991.75177915 -0.100576 0.001518
2454991.77221331 -0.245325 0.001357
2454991.79264746 -0.391442 0.001211
2454991.81308162 -0.476002 0.001136
2454991.83351578 -0.447312 0.001161
2454991.85394994 -0.373753 0.001226
2454991.87438400 -0.293217 0.001307
2454991.89481825 -0.219129 0.001385
2454991.91525241 -0.157068 0.001451
2454991.93568647 -0.105621 0.001511
2454991.95612072 -0.052902 0.001576
2454991.97655488 0.007918 0.001656
2454991.99698894 0.063894 0.001733
2454992.01742309 0.104802 0.001791
2454992.03785735 0.137702 0.001840
2454992.05829140 0.177681 0.001900
2454992.07872556 0.211780 0.001951
2454992.09915971 0.236659 0.001991
2454992.11959397 0.262737 0.002032
2454992.14002802 0.281898 0.002065
2454992.16046218 0.301756 0.002099
2454992.18089643 0.299338 0.002093
2454992.20133049 0.237800 0.001994
2454992.22176464 0.115929 0.001808
2454992.24219869 0.000974 0.001647
2454992.26263295 -0.087707 0.001539
2454992.28306710 -0.241309 0.001361
2454992.30350125 -0.411177 0.001192
2454992.32393541 -0.509372 0.001109
2454992.34436956 -0.487517 0.001126
2454992.36480371 -0.402371 0.001200
2454992.38523776 -0.317170 0.001283
2454992.40567201 -0.242404 0.001359
2454992.42610617 -0.173938 0.001432
2454992.44654022 -0.096410 0.001523
2454992.46697447 -0.030520 0.001606
2454992.48740862 0.031110 0.001687
2454992.50784267 0.084712 0.001763
2454992.52827682 0.132389 0.001833
2454992.54871107 0.170241 0.001890
2454992.56914512 0.207678 0.001946
2454992.58957927 0.233590 0.001988
2454992.61001342 0.260896 0.002029
2454992.63044767 0.280385 0.002061
2454992.65088172 0.299189 0.002094
2454992.67131587 0.312775 0.002116
2454992.69175012 0.307582 0.002107
2454992.71218416 0.270402 0.002044
2454992.73261831 0.175044 0.001896
2454992.75305246 0.048606 0.001711
2454992.77348661 -0.082301 0.001540
2454992.79392075 -0.245356 0.001356
2454992.81435490 -0.397968 0.001204
2454992.83478905 -0.478320 0.001134
2454992.85522320 -0.455245 0.001154
2454992.87565734 -0.381536 0.001219
2454992.89609139 -0.305534 0.001294
2454992.91652563 -0.231839 0.001370
2454992.93695978 -0.167143 0.001443
2454992.95739393 -0.098681 0.001521
2454992.97782807 -0.040954 0.001592
2454992.99826222 0.012104 0.001662
2454993.01869636 0.062467 0.001731
2454993.03913051 0.098776 0.001781
2454993.05956465 0.141477 0.001845
2454993.07999879 0.179675 0.001903
2454993.10043294 0.215430 0.001957
2454993.12086698 0.222226 0.001968
2454993.14130122 0.257866 0.002023
2454993.16173537 0.283204 0.002065
2454993.18216941 0.305412 0.002105
2454993.20260365 0.303772 0.002102
2454993.22303780 0.277138 0.002055
2454993.24347184 0.170490 0.001890
2454993.26390598 0.041600 0.001701
2454993.28434022 -0.073449 0.001551
2454993.30477426 -0.207545 0.001396
2454993.32520841 -0.400982 0.001201
2454993.34564265 -0.535399 0.001088
2454993.36607679 -0.512007 0.001107
2454993.38651083 -0.427307 0.001177
2454993.40694497 -0.336977 0.001262
2454993.42737921 -0.256043 0.001346
2454993.44781325 -0.182720 0.001425
2454993.46824739 -0.118602 0.001496
2454993.48868163 -0.053922 0.001575
2454993.50911567 0.012412 0.001661
2454993.52954981 0.068644 0.001739
2454993.54998395 0.118220 0.001811
2454993.57041808 0.162911 0.001878
2454993.59085222 0.199362 0.001933
2454993.61128636 0.233313 0.001986
2454993.63172040 0.262350 0.002030
2454993.65215464 0.286194 0.002071
2454993.67258877 0.311091 0.002115
2454993.69302281 0.325139 0.002139
2454993.71345705 0.334565 0.002155
2454993.73389118 0.281851 0.002064
2454993.75432522 0.186550 0.001915
2454993.77475936 0.055730 0.001721
2454993.79519359 -0.094496 0.001525
2454993.81562773 -0.286220 0.001313
2454993.83606176 -0.449661 0.001159
2454993.85649600 -0.529751 0.001092
2454993.87693014 -0.497650 0.001117
2454993.89736417 -0.403531 0.001199
2454993.91779831 -0.315846 0.001283
2454993.93823254 -0.231896 0.001370
2454993.95866657 -0.159863 0.001448
2454993.97910071 -0.094618 0.001525
2454993.99953494 -0.035523 0.001599
2454994.01996897 0.019902 0.001672
2454994.04040311 0.074883 0.001748
2454994.06083724 0.122420 0.001817
2454994.08127137 0.157822 0.001870
2454994.10170551 0.191712 0.001923
2454994.12213964 0.225130 0.001973
2454994.14257387 0.249042 0.002010
2454994.16300790 0.264006 0.002033
2454994.18344203 0.286692 0.002072
2454994.20387607 0.301335 0.002097
2454994.22431030 0.313870 0.002120
2454994.26517856 0.188600 0.001918
2454994.28561259 0.082478 0.001758
2454994.30604682 -0.035828 0.001598
2454994.32648095 -0.193494 0.001412
2454994.34691498 -0.379408 0.001221
2454994.36734921 -0.502844 0.001114
2454994.38778334 -0.503773 0.001111
2454994.40821737 -0.427882 0.001178
2454994.42865150 -0.340553 0.001259
2454994.44908573 -0.261402 0.001340
2454994.46951975 -0.193093 0.001413
2454994.48995388 -0.126491 0.001486
2454994.51038811 -0.060496 0.001566
2454994.53082214 0.000718 0.001646
2454994.55125626 0.060704 0.001728
2454994.57169039 0.106847 0.001794
2454994.59212462 0.154405 0.001864
2454994.61255865 0.199307 0.001935
2454994.63299277 0.230282 0.001981
2454994.65342700 0.253736 0.002015
2454994.67386112 0.280415 0.002060
2454994.69429515 0.312190 0.002116
2454994.71472928 0.336524 0.002160
2454994.73516350 0.337119 0.002160
2454994.75559753 0.309131 0.002110
2454994.77603165 0.226728 0.001974
2454994.79646578 0.090028 0.001769
2454994.81689990 -0.049093 0.001582
2454994.83733402 -0.213102 0.001391
2454994.85776815 -0.434972 0.001172
2454994.87820237 -0.570826 0.001057
2454994.89863640 -0.537913 0.001084
2454994.91907052 -0.439645 0.001167
2454994.93950454 -0.340230 0.001259
2454994.95993876 -0.252392 0.001349
2454994.98037289 -0.181705 0.001425
2454995.00080701 -0.118382 0.001495
2454995.02124113 -0.056138 0.001571
2454995.04167525 0.010877 0.001659
2454995.06210937 0.066470 0.001736
2454995.08254340 0.117881 0.001810
2454995.10297762 0.157151 0.001868
2454995.12341174 0.195859 0.001924
2454995.14384576 0.226475 0.001974
2454995.16427998 0.254163 0.002015
2454995.18471410 0.268652 0.002038
2454995.20514812 0.295696 0.002086
2454995.22558224 0.324411 0.002137
2454995.24601646 0.312142 0.002113
2454995.26645048 0.278132 0.002051
2454995.28688460 0.217359 0.001959
2454995.30731881 0.099908 0.001786
2454995.32775293 -0.049856 0.001582
2454995.34818695 -0.202079 0.001402
2454995.36862107 -0.372386 0.001227
2454995.38905529 -0.555746 0.001069
2454995.40948930 -0.556495 0.001069
2454995.42992342 -0.455013 0.001153
2454995.45035744 -0.357101 0.001242
2454995.47079166 -0.269475 0.001330
2454995.49122577 -0.195795 0.001409
2454995.51165929 -0.122262 0.001491
2454995.53209350 -0.059857 0.001566
2454995.55252752 -0.001870 0.001640
2454995.57296164 0.056336 0.001720
2454995.59339575 0.109355 0.001796
2454995.61382997 0.151493 0.001858
2454995.63426398 0.186534 0.001912
2454995.65469810 0.227835 0.001974
2454995.67513231 0.260143 0.002025
2454995.69556632 0.275981 0.002051
2454995.71600044 0.302157 0.002096
2454995.73643455 0.329623 0.002145
2454995.75686867 0.341223 0.002165
2454995.77730278 0.321109 0.002129
2454995.79773689 0.242942 0.001995
2454995.81817101 0.133533 0.001830
2454995.83860512 -0.006647 0.001635
2454995.85903923 -0.193176 0.001411
2454995.87947324 -0.411465 0.001189
2454995.89990745 -0.556025 0.001069
2454995.92034157 -0.539239 0.001082
2454995.94077558 -0.442656 0.001164
2454995.96120969 -0.346610 0.001252
2454995.98164390 -0.263052 0.001337
2454996.00207791 -0.192480 0.001412
2454996.02251202 -0.125545 0.001484
2454996.04294623 -0.059434 0.001565
2454996.06338034 0.010054 0.001657
2454996.08381435 0.061679 0.001727
2454996.10424846 0.103929 0.001787
2454996.12468267 0.149552 0.001854
2454996.14511668 0.186886 0.001910
2454996.16555079 0.223396 0.001966
2454996.18598500 0.264922 0.002032
2454996.20641900 0.289624 0.002076
2454996.22685311 0.311799 0.002114
2454996.24728722 0.324296 0.002135
2454996.26772133 0.320499 0.002127
2454996.28815543 0.302099 0.002094
2454996.30858954 0.210020 0.001944
2454996.32902375 0.096201 0.001776
2454996.34945775 -0.013480 0.001626
2454996.36989186 -0.153206 0.001454
2454996.39032587 -0.374426 0.001224
2454996.41076007 -0.540461 0.001081
2454996.43119418 -0.533430 0.001090
2454996.45162818 -0.480540 0.001129
2454996.47206239 -0.386242 0.001213
2454996.49249649 -0.302123 0.001295
2454996.51293060 -0.222699 0.001377
2454996.53336460 -0.145831 0.001461
2454996.55379881 -0.076449 0.001544
2454996.57423291 -0.012997 0.001624
2454996.59466692 0.049623 0.001710
2454996.61510102 0.104819 0.001788
2454996.63553522 0.147225 0.001850
2454996.65596922 0.187253 0.001911
2454996.67640333 0.230287 0.001976
2454996.69683753 0.266167 0.002032
2454996.71727153 0.297510 0.002086
2454996.73770563 0.311994 0.002111
2454996.75813974 0.331589 0.002147
2454996.77857384 0.348756 0.002177
2454996.79900794 0.329873 0.002141
2454996.81944204 0.264760 0.002028
2454996.83987624 0.156890 0.001863
2454996.86031024 0.007202 0.001652
2454996.88074434 -0.166350 0.001437
2454996.90117834 -0.396867 0.001202
2454996.92161254 -0.585260 0.001051
2454996.94204664 -0.591554 0.001039
2454996.96248074 -0.470236 0.001137
2454996.98291484 -0.359889 0.001237
2454997.00334894 -0.271190 0.001325
2454997.02378304 -0.193600 0.001409
2454997.04421704 -0.125000 0.001485
2454997.06465123 -0.060714 0.001564
2454997.08508533 -0.009099 0.001628
2454997.10551943 0.040433 0.001693
2454997.12595343 0.107650 0.001790
2454997.14638763 0.201596 0.001942
2454997.16682162 0.201497 0.001936
2454997.18725572 0.222939 0.001964
2454997.20768992 0.242920 0.001992
2454997.24855801 0.302541 0.002094
2454997.26899210 0.322237 0.002128
2454997.28942620 0.345986 0.002173
2454997.30986029 0.328719 0.002142
2454997.33029439 0.255850 0.002016
2454997.35072858 0.149038 0.001852
2454997.37116268 0.000991 0.001642
2454997.39159667 -0.169189 0.001433
2454997.41203077 -0.346069 0.001250
2454997.43246486 -0.518329 0.001099
2454997.45289895 -0.544200 0.001084
2454997.47333305 -0.498145 0.001112
2454997.49376724 -0.398715 0.001200
2454997.51420123 -0.305483 0.001289
2454997.53463533 -0.220783 0.001378
2454997.55506942 -0.148994 0.001457
2454997.57550351 -0.080083 0.001539
2454997.59593760 -0.015246 0.001621
2454997.61637169 0.044065 0.001700
2454997.63680569 0.099840 0.001777
2454997.65723988 0.151555 0.001855
2454997.67767397 0.196214 0.001924
2454997.69810806 0.230195 0.001975
2454997.71854215 0.262363 0.002025
2454997.73897624 0.294790 0.002079
2454997.75941033 0.304477 0.002095
2454997.77984432 0.321348 0.002125
2454997.80027851 0.325992 0.002134
2454997.82071260 0.321568 0.002127
2454997.84114659 0.265774 0.002030
2454997.86158078 0.170314 0.001884
2454997.88201486 0.056440 0.001717
2454997.90244885 -0.116524 0.001495
2454997.92288294 -0.389093 0.001209
2454997.94331713 -0.572908 0.001057
2454997.96375112 -0.586299 0.001043
2454997.98418520 -0.488646 0.001121
