# # KIC 3864443 Kepler PDCSAP converted to OGLE-like format
# # columns: JD  mag  mag_err
2454964.51232411 0.232611 0.000796
2454964.53275881 0.232650 0.000798
2454964.55319341 0.213683 0.000786
2454964.57362792 0.208856 0.000782
2454964.59406252 0.208753 0.000783
2454964.61449722 0.188900 0.000771
2454964.63493172 0.051201 0.000691
2454964.65536633 -0.256886 0.000546
2454964.67580103 -0.822419 0.000364
2454964.69623563 -0.918839 0.000341
2454964.71667013 -0.743266 0.000385
2454964.73710473 -0.575487 0.000433
2454964.75753944 -0.437007 0.000479
2454964.77797394 -0.328302 0.000518
2454964.79840854 -0.241619 0.000553
2454964.81884324 -0.167806 0.000584
2454964.83927774 -0.100301 0.000615
2454964.85971235 -0.039638 0.000644
2454964.88014695 0.014728 0.000671
2454964.90058155 0.066366 0.000699
2454964.92101615 0.113648 0.000725
2454964.94145075 0.159003 0.000752
2454964.96188535 0.195482 0.000774
2454964.98231995 0.221738 0.000789
2454965.00275455 0.224768 0.000791
2454965.02318906 0.213945 0.000785
2454965.04362376 0.199852 0.000776
2454965.06405836 0.196288 0.000774
2454965.08449286 0.204504 0.000779
2454965.10492746 0.170301 0.000759
2454965.12536216 0.004052 0.000666
2454965.14579666 -0.379323 0.000500
2454965.16623126 -0.897737 0.000346
2454965.18666596 -0.893806 0.000347
2454965.20710056 -0.710272 0.000394
2454965.22753506 -0.546060 0.000442
2454965.24796966 -0.413380 0.000487
2454965.26840436 -0.308578 0.000526
2454965.28883886 -0.224635 0.000560
2454965.30927346 -0.150149 0.000593
2454965.32970816 -0.084028 0.000624
2454965.35014266 -0.020067 0.000655
2454965.37057726 0.032309 0.000682
2454965.39101186 0.081940 0.000708
2454965.41144646 0.128957 0.000734
2454965.43188106 0.169309 0.000758
2454965.45231566 0.205876 0.000780
2454965.47275036 0.222578 0.000790
2454965.49318486 0.220510 0.000788
2454965.51361946 0.209499 0.000781
2454965.53405396 0.204033 0.000779
2454965.55448866 0.205937 0.000780
2454965.57492326 0.204882 0.000779
2454965.59535776 0.164472 0.000756
2454965.61579245 -0.023895 0.000653
2454965.63622705 -0.502383 0.000457
2454965.65666165 -0.933857 0.000338
2454965.67709615 -0.855507 0.000357
2454965.69753085 -0.676566 0.000404
2454965.71796545 -0.518558 0.000452
2454965.73839995 -0.394973 0.000494
2454965.75883464 -0.294473 0.000532
2454965.77926924 -0.214209 0.000565
2454965.79970374 -0.144652 0.000594
2454965.82013834 -0.079213 0.000625
2454965.84057304 -0.020356 0.000654
2454965.86100754 0.033401 0.000681
2454965.88144213 0.085428 0.000709
2454965.90187683 0.138487 0.000740
2454965.92231133 0.182742 0.000766
2454965.94274593 0.216078 0.000786
2454965.96318053 0.227888 0.000794
2454965.98361522 0.216743 0.000787
2454966.00404972 0.199253 0.000777
2454966.02448432 0.196991 0.000775
2454966.04491892 0.206632 0.000780
2454966.06535351 0.202817 0.000779
2454966.08578811 0.134974 0.000739
2454966.10622271 -0.068518 0.000631
2454966.12665730 -0.585285 0.000431
2454966.14709190 -0.965822 0.000331
2454966.16752650 -0.830026 0.000363
2454966.18796110 -0.651982 0.000411
2454966.20839579 -0.500159 0.000458
2454966.22883029 -0.379746 0.000500
2454966.24926489 -0.281457 0.000538
2454966.26969948 -0.200125 0.000571
2454966.29013408 -0.128292 0.000603
2454966.31056867 -0.061594 0.000635
2454966.33100317 -0.003859 0.000664
2454966.35143787 0.048976 0.000690
2454966.37187246 0.098765 0.000718
2454966.39230706 0.147484 0.000746
2454966.41274166 0.191641 0.000772
2454966.43317625 0.223090 0.000791
2454966.45361085 0.235504 0.000799
2454966.47404534 0.227582 0.000794
2454966.49448004 0.211275 0.000784
2454966.51491464 0.198939 0.000777
2454966.53534913 0.203268 0.000779
2454966.55578383 0.197866 0.000776
2454966.57621842 0.107609 0.000723
2454966.59665292 -0.157469 0.000590
2454966.61708751 -0.678913 0.000403
2454966.63752221 -0.948313 0.000335
2454966.65795680 -0.794702 0.000372
2454966.67839130 -0.621462 0.000420
2454966.69882599 -0.473743 0.000467
2454966.71926059 -0.358388 0.000508
2454966.73969508 -0.266719 0.000544
2454966.76012968 -0.188046 0.000577
2454966.78056437 -0.119403 0.000607
2454966.80099887 -0.055662 0.000638
2454966.82143346 0.001440 0.000667
2454966.84186806 0.054576 0.000694
2454966.86230265 0.102702 0.000721
2454966.88273724 0.150629 0.000748
2454966.90317184 0.190621 0.000772
2454966.92360643 0.217595 0.000788
2454966.94404103 0.226887 0.000794
2454966.96447562 0.216564 0.000787
2454966.98491011 0.204038 0.000780
2454967.00534481 0.201070 0.000778
2454967.02577940 0.207497 0.000782
2454967.04621389 0.198067 0.000776
2454967.06664859 0.078776 0.000707
2454967.08708318 -0.257486 0.000548
2454967.10751768 -0.797129 0.000372
2454967.12795227 -0.940000 0.000337
2454967.14838696 -0.765819 0.000380
2454967.16882155 -0.593085 0.000429
2454967.18925605 -0.448819 0.000476
2454967.20969074 -0.335336 0.000517
2454967.23012533 -0.245798 0.000552
2454967.25055983 -0.170983 0.000584
2454967.27099442 -0.101914 0.000615
2454967.29142911 -0.041407 0.000645
2454967.31186360 0.014966 0.000673
2454967.33229820 0.065443 0.000700
2454967.35273289 0.114761 0.000727
2454967.37316738 0.160559 0.000754
2454967.41403657 0.226364 0.000793
2454967.43447116 0.225793 0.000793
2454967.45490575 0.211248 0.000785
2454967.47534034 0.203026 0.000780
2454967.49577503 0.207542 0.000783
2454967.51620953 0.212179 0.000786
2454967.53664412 0.188276 0.000771
2454967.55707861 0.057567 0.000696
2454967.57751330 -0.314394 0.000525
2454967.59794789 -0.886593 0.000350
2454967.61838238 -0.909373 0.000344
2454967.63881697 -0.731945 0.000389
2454967.65925166 -0.567505 0.000437
2454967.67968626 -0.430992 0.000482
2454967.70012085 -0.322812 0.000522
2454967.72055544 -0.234940 0.000557
2454967.74099003 -0.159386 0.000589
2454967.76142452 -0.092630 0.000620
2454967.78185911 -0.031509 0.000649
2454967.80229380 0.024339 0.000678
2454967.82272839 0.075998 0.000706
2454967.84316288 0.125520 0.000734
2454967.86359757 0.169779 0.000759
2454967.88403216 0.210264 0.000784
2454967.90446675 0.229382 0.000796
2454967.92490124 0.225656 0.000793
2454967.94533593 0.209064 0.000783
2454967.96577052 0.193174 0.000773
2454967.98620501 0.197909 0.000776
2454968.00663970 0.210528 0.000784
2454968.02707429 0.170479 0.000759
2454968.04750878 0.000482 0.000666
2454968.06794337 -0.379351 0.000500
2454968.08837806 -0.932753 0.000338
2454968.10881255 -0.889663 0.000348
2454968.12924714 -0.706637 0.000396
2454968.14968183 -0.544667 0.000444
2454968.17011642 -0.414565 0.000488
2454968.19055090 -0.310282 0.000526
2454968.21098549 -0.225541 0.000560
2454968.23142018 -0.152229 0.000592
2454968.25185467 -0.082706 0.000624
2454968.27228926 -0.023104 0.000654
2454968.29272375 0.030721 0.000681
2454968.31315844 0.082391 0.000709
2454968.33359302 0.130644 0.000736
2454968.35402751 0.177484 0.000764
2454968.37446220 0.214505 0.000787
2454968.39489679 0.236253 0.000799
2454968.41533138 0.234043 0.000798
2454968.43576587 0.216640 0.000787
2454968.45620055 0.203804 0.000779
2454968.47663514 0.204653 0.000781
2454968.49706963 0.210504 0.000783
2454968.51750432 0.159218 0.000752
2454968.53793890 -0.070345 0.000630
2454968.55837339 -0.540553 0.000445
2454968.57880798 -0.944698 0.000336
2454968.59924266 -0.849626 0.000358
2454968.61967715 -0.669289 0.000406
2454968.64011174 -0.511818 0.000454
2454968.66054643 -0.385610 0.000498
2454968.68098101 -0.284959 0.000536
2454968.70141550 -0.205964 0.000569
2454968.72185009 -0.133194 0.000601
2454968.74228477 -0.071506 0.000629
2454968.76271926 -0.010250 0.000660
2454968.78315385 0.038954 0.000685
2454968.80358853 0.090915 0.000714
2454968.82402302 0.138731 0.000741
2454968.84445760 0.182045 0.000766
2454968.86489219 0.215118 0.000787
2454968.88532678 0.224423 0.000792
2454968.90576136 0.214214 0.000786
2454968.92619595 0.205282 0.000781
2454968.94663043 0.204446 0.000780
2454968.96706512 0.211076 0.000784
2454968.98749970 0.211641 0.000784
2454969.00793419 0.142092 0.000742
2454969.02836887 -0.104418 0.000613
2454969.04880346 -0.661806 0.000408
2454969.06923795 -0.956931 0.000333
2454969.08967253 -0.819846 0.000365
2454969.11010722 -0.646281 0.000412
2454969.13054180 -0.496609 0.000459
2454969.15097628 -0.375581 0.000502
2454969.17141097 -0.278885 0.000539
2454969.19184555 -0.195696 0.000574
2454969.21228004 -0.123916 0.000605
2454969.23271462 -0.058485 0.000636
2454969.25314931 -0.000482 0.000665
2454969.27358379 0.053851 0.000693
2454969.29401838 0.106763 0.000723
2454969.31445306 0.154107 0.000750
2454969.33488754 0.193366 0.000773
2454969.35532213 0.221812 0.000790
2454969.37575671 0.229064 0.000795
2454969.39619129 0.213506 0.000786
2454969.41662588 0.198493 0.000776
2454969.43706046 0.201090 0.000778
2454969.45749515 0.212715 0.000785
2454969.47792963 0.204421 0.000780
2454969.49836421 0.107858 0.000723
2454969.51879879 -0.158603 0.000589
2454969.53923338 -0.760298 0.000381
2454969.55966796 -0.949561 0.000335
2454969.58010254 -0.784503 0.000375
2454969.60053713 -0.615295 0.000421
2454969.62097171 -0.469510 0.000469
2454969.64140629 -0.352625 0.000510
2454969.66184087 -0.258066 0.000547
2454969.68227546 -0.179625 0.000580
2454969.70271004 -0.110490 0.000611
2454969.72314462 -0.048059 0.000641
2454969.74357910 0.008733 0.000670
2454969.76401378 0.060771 0.000697
2454969.78444837 0.112486 0.000726
2454969.80488285 0.158461 0.000753
2454969.82531753 0.201015 0.000778
2454969.84575211 0.230625 0.000796
2454969.86618669 0.234456 0.000799
2454969.88662117 0.218221 0.000789
2454969.90705586 0.201283 0.000778
2454969.92749044 0.194703 0.000774
2454969.94792492 0.209066 0.000783
2454969.96835960 0.191198 0.000773
2454969.98879418 0.051472 0.000692
2454970.00922866 -0.274968 0.000540
2454970.02966324 -0.804800 0.000370
2454970.05009792 -0.931586 0.000339
2454970.07053240 -0.758534 0.000381
2454970.09096698 -0.589846 0.000430
2454970.11140166 -0.450256 0.000475
2454970.13183614 -0.339713 0.000515
2454970.15227072 -0.250190 0.000551
2454970.17270530 -0.172771 0.000584
2454970.19313998 -0.103720 0.000615
2454970.21357446 -0.041210 0.000644
2454970.23400904 0.015519 0.000674
2454970.25444352 0.066275 0.000700
2454970.27487820 0.115878 0.000728
2454970.29531278 0.162462 0.000755
2454970.31574726 0.203977 0.000780
2454970.33618194 0.229239 0.000796
2454970.35661652 0.231505 0.000798
2454970.39748558 0.214127 0.000787
2454970.41792026 0.211602 0.000785
2454970.43835483 0.219242 0.000790
2454970.45878931 0.194474 0.000774
2454970.47922399 0.031201 0.000681
2454970.49965857 -0.403515 0.000491
2454970.52009305 -0.893280 0.000348
2454970.54052763 -0.900022 0.000346
2454970.56096231 -0.722330 0.000391
2454970.58139678 -0.556896 0.000440
2454970.60183136 -0.421169 0.000485
2454970.62226604 -0.312303 0.000526
2454970.64270062 -0.226110 0.000561
2454970.66313510 -0.153781 0.000591
2454970.68356967 -0.085183 0.000623
2454970.70400435 -0.027248 0.000652
2454970.72443883 0.026461 0.000679
2454970.74487340 0.079399 0.000708
2454970.76530808 0.129398 0.000736
2454970.78574256 0.178418 0.000765
2454970.80617714 0.215211 0.000787
2454970.82661161 0.229897 0.000796
2454970.84704629 0.218915 0.000790
2454970.86748087 0.202117 0.000779
2454970.88791544 0.199658 0.000777
2454970.90834992 0.207425 0.000783
2454970.92878460 0.214267 0.000787
2454970.94921917 0.171445 0.000760
2454970.96965365 -0.002051 0.000665
2454970.99008832 -0.476508 0.000466
2454971.01052290 -0.947858 0.000335
2454971.03095738 -0.870948 0.000353
2454971.05139195 -0.694074 0.000399
2454971.07182663 -0.537431 0.000446
2454971.09226120 -0.409437 0.000489
2454971.11269568 -0.305618 0.000528
2454971.13313035 -0.220177 0.000563
2454971.15356493 -0.145540 0.000595
2454971.17399940 -0.080465 0.000625
2454971.19443398 -0.018051 0.000656
2454971.21486865 0.037444 0.000684
2454971.23530323 0.087859 0.000712
2454971.25573770 0.138770 0.000741
2454971.27617238 0.183466 0.000767
2454971.29660695 0.219555 0.000790
2454971.31704143 0.235546 0.000800
2454971.33747600 0.226903 0.000794
2454971.35791068 0.208281 0.000782
2454971.37834525 0.197471 0.000776
2454971.39877972 0.206804 0.000782
2454971.41921440 0.212335 0.000785
2454971.43964897 0.145882 0.000745
2454971.46008345 -0.077653 0.000627
2454971.48051802 -0.572176 0.000435
2454971.50095269 -0.961286 0.000332
2454971.52138717 -0.842387 0.000360
2454971.54182174 -0.664821 0.000408
2454971.56225631 -0.509570 0.000455
2454971.58269089 -0.386505 0.000498
2454971.60312546 -0.286394 0.000536
2454971.62356003 -0.203322 0.000570
2454971.64399460 -0.130942 0.000602
2454971.66442918 -0.065945 0.000632
2454971.68486375 -0.007662 0.000662
2454971.70529822 0.046115 0.000689
2454971.72573289 0.095295 0.000716
2454971.74616747 0.145862 0.000745
2454971.76660194 0.188130 0.000770
2454971.78703661 0.220865 0.000790
2454971.80747118 0.233410 0.000798
2454971.82790565 0.224820 0.000793
2454971.84834023 0.209337 0.000783
2454971.86877490 0.196678 0.000776
2454971.88920947 0.209207 0.000783
2454971.90964394 0.214035 0.000786
2454971.93007861 0.118781 0.000729
2454971.95051318 -0.183959 0.000579
2454971.97094765 -0.682959 0.000402
2454971.99138223 -0.954543 0.000334
2454972.01181690 -0.809705 0.000368
2454972.03225137 -0.635038 0.000416
2454972.05268594 -0.485202 0.000463
2454972.07312061 -0.371311 0.000503
2454972.09355508 -0.272557 0.000541
2454972.11398965 -0.191871 0.000575
2454972.13442422 -0.122196 0.000606
2454972.15485879 -0.058295 0.000636
2454972.17529336 -0.001481 0.000665
2454972.19572793 0.050269 0.000691
2454972.21616240 0.101499 0.000719
2454972.23659707 0.151182 0.000747
2454972.25703164 0.195798 0.000775
2454972.27746611 0.225828 0.000794
2454972.29790078 0.229253 0.000796
2454972.31833535 0.216491 0.000787
2454972.33876992 0.210858 0.000784
2454972.35920439 0.208145 0.000783
2454972.37963905 0.216072 0.000788
2454972.40007362 0.208449 0.000782
2454972.42050809 0.108949 0.000724
2454972.44094276 -0.226359 0.000560
2454972.46137733 -0.812914 0.000367
2454972.48181180 -0.929721 0.000339
2454972.50224637 -0.770883 0.000378
2454972.52268103 -0.603929 0.000425
2454972.54311550 -0.461199 0.000471
2454972.56355007 -0.345271 0.000513
2454972.58398474 -0.252160 0.000550
2454972.60441921 -0.173677 0.000583
2454972.62485377 -0.105524 0.000613
2454972.64528834 -0.042806 0.000643
2454972.66572301 0.016368 0.000674
2454972.68615748 0.065506 0.000699
2454972.70659204 0.109002 0.000722
2454972.72702661 0.155861 0.000749
2454972.74746118 0.192836 0.000771
2454972.76789574 0.218199 0.000787
2454972.78833031 0.217665 0.000787
2454972.80876488 0.204135 0.000778
2454972.82919944 0.193024 0.000773
2454972.84963401 0.197694 0.000775
2454972.87006858 0.211244 0.000784
2454972.89050314 0.188487 0.000770
2454972.91093771 0.051828 0.000692
2454972.93137228 -0.288070 0.000535
2454972.95180694 -0.865792 0.000354
2454972.97224141 -0.919638 0.000342
2454972.99267597 -0.745583 0.000385
2454973.01311044 -0.580418 0.000432
2454973.03354510 -0.445832 0.000477
2454973.05397967 -0.335289 0.000517
2454973.07441423 -0.244820 0.000553
2454973.09484880 -0.169284 0.000585
2454973.11528336 -0.101206 0.000615
2454973.13571793 -0.038980 0.000645
2454973.15615239 0.016356 0.000673
2454973.17658706 0.069323 0.000701
2454973.19702162 0.120834 0.000730
2454973.21745609 0.168381 0.000758
2454973.23789075 0.208673 0.000783
2454973.25832532 0.234119 0.000798
2454973.27875978 0.236475 0.000800
2454973.29919434 0.220526 0.000790
2454973.31962901 0.206279 0.000781
2454973.34006347 0.203741 0.000780
2454973.38093260 0.179047 0.000765
2454973.40136726 0.029746 0.000686
2454973.42180172 -0.418686 0.000486
2454973.44223629 -0.908039 0.000344
2454973.46267095 -0.893887 0.000347
2454973.48310541 -0.715423 0.000393
2454973.50353998 -0.553490 0.000441
2454973.52397444 -0.421337 0.000485
2454973.54440910 -0.314958 0.000525
2454973.56484366 -0.227946 0.000560
2454973.58527823 -0.153424 0.000592
2454973.60571279 -0.085708 0.000623
2454973.62614735 -0.024483 0.000653
2454973.64658191 0.029410 0.000680
2454973.66701638 0.082832 0.000709
2454973.68745104 0.135092 0.000738
2454973.70788560 0.182444 0.000767
2454973.72832006 0.218207 0.000789
2454973.74875472 0.236989 0.000801
2454973.76918928 0.231484 0.000798
2454973.78962374 0.220969 0.000791
2454973.81005831 0.209799 0.000783
2454973.83049297 0.207807 0.000782
2454973.85092753 0.218352 0.000789
2454973.87136199 0.167971 0.000758
2454973.89179655 -0.054887 0.000638
2454973.91223121 -0.543162 0.000444
2454973.93266567 -0.928833 0.000340
2454973.95310023 -0.856615 0.000357
2454973.97353489 -0.684714 0.000402
2454973.99396935 -0.527701 0.000449
2454974.01440391 -0.400329 0.000493
2454974.03483847 -0.297458 0.000531
2454974.05527303 -0.214274 0.000566
2454974.07570759 -0.142239 0.000597
2454974.09614215 -0.073884 0.000629
2454974.11657671 -0.014908 0.000658
2454974.13701127 0.037305 0.000685
2454974.15744583 0.092028 0.000715
2454974.17788029 0.140226 0.000742
2454974.19831495 0.183851 0.000768
2454974.21874950 0.221028 0.000791
2454974.23918396 0.232171 0.000798
2454974.25961862 0.218178 0.000789
2454974.28005318 0.203084 0.000780
2454974.30048764 0.201266 0.000779
2454974.32092220 0.210041 0.000784
2454974.34135685 0.214271 0.000787
2454974.36179141 0.143299 0.000744
2454974.38222587 -0.086082 0.000623
2454974.40266043 -0.659835 0.000409
2454974.42309509 -0.952938 0.000334
2454974.44352964 -0.824883 0.000364
2454974.46396410 -0.654712 0.000411
2454974.48439876 -0.506214 0.000457
2454974.50483331 -0.381446 0.000500
2454974.52526777 -0.282867 0.000538
2454974.54570233 -0.200925 0.000572
2454974.56613688 -0.125534 0.000605
2454974.58657154 -0.061072 0.000635
2454974.60700600 -0.003216 0.000664
2454974.62744065 0.051110 0.000693
2454974.64787521 0.102553 0.000721
2454974.66830967 0.153537 0.000750
2454974.68874422 0.196591 0.000776
2454974.70917888 0.228831 0.000796
2454974.72961333 0.236468 0.000801
2454974.75004789 0.223046 0.000793
2454974.77048255 0.205554 0.000781
2454974.79091700 0.196461 0.000776
2454974.81135156 0.209439 0.000784
2454974.83178611 0.203726 0.000780
2454974.85222067 0.082986 0.000710
2454974.87265522 -0.202148 0.000571
2454974.89308978 -0.714559 0.000394
2454974.91352443 -0.953223 0.000334
2454974.93395889 -0.800103 0.000371
2454974.95439344 -0.631461 0.000417
2454974.97482790 -0.483586 0.000464
2454974.99526255 -0.366643 0.000505
2454975.01569710 -0.271070 0.000542
2454975.03613156 -0.188997 0.000576
2454975.05656611 -0.118871 0.000608
2454975.07700077 -0.055828 0.000637
2454975.09743532 0.002432 0.000667
2454975.11786977 0.055703 0.000695
2454975.13830443 0.108149 0.000723
2454975.15873898 0.155194 0.000750
2454975.17917343 0.198648 0.000776
2454975.19960799 0.229930 0.000796
2454975.22004264 0.235565 0.000800
2454975.24047709 0.226111 0.000795
2454975.26091164 0.214182 0.000787
2454975.28134630 0.210144 0.000784
2454975.30178075 0.220662 0.000790
2454975.32221530 0.207782 0.000782
2454975.34264985 0.059560 0.000697
2454975.36308450 -0.302210 0.000529
2454975.38351896 -0.812646 0.000367
2454975.40395351 -0.929417 0.000339
2454975.42438816 -0.763091 0.000380
2454975.44482261 -0.596442 0.000427
2454975.46525716 -0.461205 0.000471
2454975.48569161 -0.342085 0.000514
2454975.50612627 -0.250176 0.000551
2454975.52656082 -0.170708 0.000584
2454975.54699537 -0.099920 0.000616
2454975.56742982 -0.040692 0.000645
2454975.58786447 0.015286 0.000673
2454975.60829902 0.068719 0.000701
2454975.62873347 0.118194 0.000729
2454975.64916812 0.165798 0.000757
2454975.66960267 0.205842 0.000781
2454975.69003712 0.228585 0.000795
2454975.71047167 0.225104 0.000793
2454975.73090632 0.207214 0.000781
2454975.75134077 0.201258 0.000778
2454975.77177532 0.204457 0.000780
2454975.79220997 0.215177 0.000787
2454975.81264442 0.193511 0.000774
2454975.83307897 0.038844 0.000686
2454975.85351352 -0.376093 0.000502
2454975.87394817 -0.868569 0.000354
2454975.89438261 -0.896860 0.000347
2454975.91481716 -0.731992 0.000389
2454975.93525181 -0.574824 0.000434
2454975.95568626 -0.439703 0.000479
2454975.97612081 -0.330052 0.000519
2454975.99655526 -0.242118 0.000554
2454976.01698990 -0.167145 0.000586
2454976.03742445 -0.103142 0.000614
2454976.05785900 -0.040759 0.000645
2454976.07829355 0.014848 0.000673
2454976.09872809 0.068833 0.000701
2454976.11916264 0.122040 0.000731
2454976.13959719 0.169908 0.000759
2454976.16003174 0.208537 0.000783
2454976.18046628 0.227977 0.000795
2454976.20090073 0.222547 0.000792
2454976.22133528 0.204924 0.000781
2454976.24176992 0.200367 0.000778
2454976.26220447 0.206024 0.000781
2454976.28263902 0.208393 0.000782
2454976.30307356 0.151963 0.000748
2454976.32350811 -0.034839 0.000647
2454976.36437710 -0.938989 0.000337
2454976.38481175 -0.879525 0.000351
2454976.40524629 -0.704887 0.000396
2454976.42568074 -0.548722 0.000443
2454976.44611538 -0.419409 0.000486
2454976.46654993 -0.314422 0.000525
2454976.48698437 -0.228214 0.000560
2454976.50741892 -0.151340 0.000593
2454976.52785356 -0.083070 0.000624
2454976.54828811 -0.022820 0.000654
2454976.56872255 0.033379 0.000683
2454976.58915720 0.086134 0.000711
2454976.60959174 0.136414 0.000740
2454976.63002619 0.184190 0.000768
2454976.65046073 0.200899 0.000779
2454976.67089537 0.239658 0.000803
2454976.69132982 0.232838 0.000798
2454976.71176436 0.213046 0.000786
2454976.73219890 0.205810 0.000781
2454976.75263345 0.206251 0.000781
2454976.77306799 0.213667 0.000786
2454976.79350253 0.134109 0.000738
2454976.81393708 -0.121069 0.000606
2454976.83437162 -0.556126 0.000440
2454976.85480616 -0.933898 0.000338
2454976.87524061 -0.849103 0.000359
2454976.89567525 -0.675661 0.000404
2454976.91610979 -0.523953 0.000451
2454976.93654423 -0.399302 0.000493
2454976.95697887 -0.299621 0.000531
2454976.97741342 -0.213996 0.000566
2454976.99784786 -0.139624 0.000598
2454977.01828240 -0.072509 0.000629
2454977.03871704 -0.014099 0.000658
2454977.05915158 0.039467 0.000687
2454977.07958602 0.091239 0.000714
2454977.10002067 0.142023 0.000743
2454977.12045521 0.186414 0.000769
2454977.14088965 0.220661 0.000790
2454977.16132419 0.231064 0.000797
2454977.18175883 0.219449 0.000789
2454977.20219327 0.208130 0.000782
2454977.22262781 0.205732 0.000781
2454977.24306245 0.213330 0.000786
2454977.26349689 0.217877 0.000789
2454977.28393143 0.130719 0.000736
2454977.30436597 -0.161020 0.000589
2454977.32480051 -0.688461 0.000401
2454977.34523505 -0.931991 0.000339
2454977.36566959 -0.813856 0.000367
2454977.38610403 -0.647446 0.000413
2454977.40653867 -0.500299 0.000458
2454977.42697321 -0.379442 0.000500
2454977.44740764 -0.280967 0.000538
2454977.46784228 -0.197232 0.000573
2454977.48827682 -0.125076 0.000605
2454977.50871126 -0.060455 0.000635
2454977.52914580 -0.003291 0.000664
2454977.54958044 0.050767 0.000692
2454977.57001498 0.101273 0.000719
2454977.59044941 0.150943 0.000748
2454977.61088405 0.195630 0.000775
2454977.63131859 0.226073 0.000794
2454977.65175303 0.233299 0.000799
2454977.67218756 0.214051 0.000786
2454977.69262220 0.203776 0.000780
2454977.71305664 0.202513 0.000779
2454977.73349118 0.209609 0.000784
2454977.75392581 0.196550 0.000776
2454977.77436025 0.076430 0.000706
2454977.79479479 -0.235557 0.000557
2454977.81522932 -0.761554 0.000381
2454977.83566396 -0.927926 0.000340
2454977.85609839 -0.783272 0.000375
2454977.87653293 -0.620088 0.000421
2454977.89696747 -0.478806 0.000466
2454977.91740200 -0.361889 0.000507
2454977.93783654 -0.267494 0.000543
2454977.95827107 -0.186306 0.000577
2454977.97870571 -0.115308 0.000609
2454977.99914014 -0.054253 0.000638
2454978.01957468 0.003949 0.000668
2454978.04000921 0.056433 0.000695
2454978.06044375 0.108764 0.000723
2454978.08087828 0.155671 0.000750
2454978.10131282 0.198250 0.000776
2454978.12174745 0.224264 0.000792
2454978.14218189 0.228091 0.000795
2454978.16261642 0.214587 0.000787
2454978.18305086 0.202823 0.000779
2454978.20348549 0.207490 0.000782
2454978.22392002 0.213272 0.000785
2454978.24435446 0.181900 0.000766
2454978.26478909 0.006813 0.000669
2454978.28522362 -0.320266 0.000522
2454978.30565816 -0.831391 0.000363
2454978.32609259 -0.920179 0.000341
2454978.34652722 -0.754058 0.000383
2454978.36696176 -0.592390 0.000429
2454978.38739619 -0.458336 0.000472
2454978.40783082 -0.345517 0.000513
2454978.42826535 -0.253520 0.000549
2454978.44869978 -0.173905 0.000582
2454978.46913432 -0.104682 0.000614
2454978.48956895 -0.039579 0.000645
2454978.51000338 0.014424 0.000673
2454978.53043791 0.066970 0.000700
2454978.55087244 0.116841 0.000728
2454978.57130708 0.165648 0.000756
2454978.59174151 0.207657 0.000782
2454978.61217604 0.231996 0.000798
2454978.63261067 0.230307 0.000795
2454978.65304510 0.214953 0.000786
2454978.67347963 0.207245 0.000782
2454978.69391406 0.205489 0.000780
2454978.71434869 0.216002 0.000787
2454978.73478322 0.179396 0.000765
2454978.75521775 -0.028672 0.000651
2454978.77565228 -0.439690 0.000479
2454978.79608681 -0.868638 0.000354
2454978.81652134 -0.888856 0.000349
2454978.83695577 -0.721350 0.000392
2454978.85739040 -0.560845 0.000439
2454978.87782493 -0.427774 0.000483
2454978.89825936 -0.320177 0.000523
2454978.91869399 -0.233805 0.000558
2454978.93912852 -0.158912 0.000589
2454978.95956295 -0.091620 0.000620
2454978.97999747 -0.031487 0.000650
2454979.00043210 0.021059 0.000677
2454979.02086663 0.073409 0.000704
2454979.04130106 0.124944 0.000733
2454979.06173569 0.169160 0.000759
2454979.08217021 0.208134 0.000783
2454979.10260464 0.224601 0.000793
2454979.12303917 0.213236 0.000786
2454979.14347380 0.202320 0.000779
2454979.16390822 0.199616 0.000777
2454979.18434275 0.204877 0.000781
2454979.20477728 0.214664 0.000787
2454979.22521181 0.152578 0.000749
2454979.24564633 -0.066740 0.000632
2454979.26608086 -0.531519 0.000448
2454979.28651539 -0.905459 0.000345
2454979.30694991 -0.855971 0.000357
2454979.34781886 -0.541432 0.000445
2454979.36825349 -0.414188 0.000487
2454979.38868802 -0.309481 0.000527
2454979.40912244 -0.224759 0.000561
2454979.42955707 -0.150327 0.000594
2454979.44999159 -0.083463 0.000624
2454979.47042602 -0.023783 0.000654
2454979.49086064 0.030900 0.000682
2454979.51129517 0.082205 0.000709
2454979.53172969 0.133250 0.000738
2454979.55216412 0.179558 0.000765
2454979.57259874 0.214001 0.000786
2454979.59303326 0.229029 0.000796
2454979.61346779 0.220640 0.000790
2454979.63390221 0.206482 0.000782
2454979.65433684 0.205567 0.000781
2454979.67477136 0.210933 0.000785
2454979.69520578 0.204057 0.000780
2454979.71564041 0.094768 0.000716
2454979.73607493 -0.150711 0.000593
2454979.75650945 -0.604469 0.000426
2454979.77694388 -0.932704 0.000339
2454979.79737850 -0.830023 0.000363
2454979.81781302 -0.662460 0.000409
2454979.83824744 -0.516382 0.000453
2454979.85868197 -0.394670 0.000495
2454979.87911659 -0.293359 0.000533
2454979.89955101 -0.209849 0.000568
2454979.91998553 -0.136830 0.000600
2454979.94042016 -0.072438 0.000630
2454979.96085458 -0.013570 0.000659
2454979.98128910 0.040096 0.000686
2454980.00172362 0.089707 0.000713
2454980.02215814 0.141590 0.000742
2454980.04259266 0.183975 0.000767
2454980.06302718 0.217591 0.000788
2454980.08346180 0.224735 0.000793
2454980.10389622 0.213049 0.000785
2454980.12433075 0.202159 0.000779
2454980.14476517 0.202144 0.000778
2454980.16519979 0.215675 0.000787
2454980.18563431 0.205806 0.000781
2454980.20606873 0.066285 0.000701
2454980.22650335 -0.235729 0.000557
2454980.24693787 -0.690725 0.000400
2454980.26737239 -0.927481 0.000339
2454980.28780680 -0.800494 0.000370
2454980.30824142 -0.636690 0.000415
2454980.32867594 -0.493195 0.000460
2454980.34911036 -0.377014 0.000501
2454980.36954488 -0.279882 0.000538
2454980.38997950 -0.197943 0.000572
2454980.41041392 -0.125548 0.000604
2454980.43084844 -0.061921 0.000634
2454980.45128305 -0.003850 0.000663
2454980.47171747 0.048411 0.000689
2454980.49215199 0.098593 0.000717
2454980.51258651 0.147219 0.000745
2454980.53302112 0.190699 0.000771
2454980.55345554 0.220197 0.000790
2454980.57389006 0.225680 0.000793
2454980.59432468 0.213580 0.000785
2454980.61475909 0.205876 0.000780
2454980.63519361 0.203734 0.000780
2454980.65562803 0.214877 0.000786
2454980.67606264 0.201896 0.000779
2454980.69649716 0.055922 0.000695
2454980.71693158 -0.312219 0.000526
2454980.73736619 -0.756519 0.000382
2454980.75780071 -0.894113 0.000348
2454980.77823522 -0.767654 0.000379
2454980.79866964 -0.609700 0.000424
2454980.81910425 -0.472424 0.000468
2454980.83953877 -0.357825 0.000508
2454980.85997318 -0.264499 0.000544
2454980.88040770 -0.184964 0.000578
2454980.92127673 -0.053558 0.000638
2454980.94171124 0.002984 0.000667
2454980.96214586 0.053905 0.000693
2454980.98258027 0.106893 0.000721
2454981.00301479 0.152665 0.000748
2454981.02344930 0.193077 0.000773
2454981.04388391 0.221353 0.000791
2454981.06431833 0.212029 0.000784
2454981.08475284 0.197236 0.000774
2454981.10518745 0.195542 0.000774
2454981.12562187 0.195552 0.000773
2454981.14605638 0.205630 0.000779
2454981.16649089 0.158259 0.000751
2454981.18692541 -0.024211 0.000653
2454981.20735992 -0.378784 0.000500
2454981.22779443 -0.835767 0.000362
2454981.24822904 -0.891158 0.000348
2454981.26866346 -0.737547 0.000387
2454981.28909797 -0.583515 0.000432
2454981.30953248 -0.451609 0.000475
2454981.32996699 -0.343451 0.000513
2454981.35040150 -0.251405 0.000550
2454981.37083601 -0.172557 0.000583
2454981.39127043 -0.102581 0.000615
2454981.41170504 -0.040566 0.000645
2454981.43213955 0.013689 0.000672
2454981.45257406 0.064933 0.000700
2454981.47300857 0.115837 0.000727
2454981.49344308 0.161260 0.000753
2454981.51387759 0.203261 0.000780
2454981.53431200 0.224820 0.000793
2454981.55474661 0.219062 0.000802
2454981.57518112 0.209049 0.000783
2454981.59561553 0.200346 0.000778
2454981.61605014 0.208530 0.000783
2454981.63648465 0.213303 0.000786
2454981.65691906 0.139405 0.000741
2454981.67735357 -0.093977 0.000619
2454981.69778818 -0.458768 0.000472
2454981.71822258 -0.868813 0.000354
2454981.73865709 -0.868598 0.000354
2454981.75909170 -0.707741 0.000396
2454981.77952621 -0.556556 0.000440
2454981.79996062 -0.429190 0.000483
2454981.82039513 -0.322689 0.000522
2454981.84082973 -0.233724 0.000557
2454981.86126414 -0.157145 0.000590
2454981.88169865 -0.090837 0.000621
2454981.90213326 -0.032910 0.000649
2454981.92256766 0.020435 0.000676
2454981.94300217 0.070626 0.000703
2454981.96343668 0.121353 0.000731
2454981.98387118 0.166576 0.000757
2454982.00430569 0.202554 0.000779
2454982.02474020 0.218660 0.000789
2454982.04517460 0.211341 0.000785
2454982.06560921 0.199189 0.000777
2454982.08604371 0.196826 0.000776
2454982.10647812 0.203051 0.000779
2454982.12691273 0.216109 0.000788
2454982.14734723 0.130047 0.000735
2454982.16778164 -0.143120 0.000597
2454982.18821614 -0.563747 0.000438
2454982.20865075 -0.886772 0.000349
2454982.22908525 -0.843651 0.000360
2454982.24951966 -0.681751 0.000403
2454982.26995426 -0.531947 0.000448
2454982.29038877 -0.406641 0.000491
2454982.33125767 -0.219913 0.000563
2454982.35169228 -0.145483 0.000595
2454982.37212668 -0.080294 0.000626
2454982.39256119 -0.020539 0.000655
2454982.41299579 0.031275 0.000682
2454982.43343019 0.085315 0.000711
2454982.45386470 0.132478 0.000737
2454982.47429920 0.177367 0.000764
2454982.49473370 0.212300 0.000785
2454982.51516820 0.219330 0.000790
2454982.53560271 0.209495 0.000784
2454982.55603731 0.202010 0.000779
2454982.57647171 0.198810 0.000777
2454982.59690621 0.203176 0.000780
2454982.61734061 0.195768 0.000775
2454982.63777522 0.088959 0.000713
2454982.65820972 -0.204503 0.000570
2454982.67864412 -0.656081 0.000410
2454982.69907862 -0.890131 0.000349
2454982.71951322 -0.806779 0.000369
2454982.73994772 -0.650757 0.000412
2454982.76038212 -0.508851 0.000456
2454982.78081672 -0.388227 0.000497
2454982.80125122 -0.290591 0.000534
2454982.82168562 -0.208063 0.000568
2454982.84212012 -0.137282 0.000599
2454982.86255472 -0.074040 0.000629
2454982.88298922 -0.016378 0.000658
2454982.90342362 0.036269 0.000684
2454982.92385822 0.086678 0.000712
2454982.94429272 0.137468 0.000740
2454982.96472722 0.178967 0.000765
2454982.98516162 0.208544 0.000782
2454983.00559622 0.211168 0.000784
2454983.02603072 0.199463 0.000777
2454983.04646512 0.193137 0.000773
2454983.06689971 0.198675 0.000777
2454983.08733421 0.211969 0.000785
2454983.10776861 0.187384 0.000770
2454983.12820311 0.018819 0.000675
2454983.14863771 -0.280044 0.000539
2454983.16907210 -0.728074 0.000390
2454983.18950660 -0.907707 0.000344
2454983.20994120 -0.776637 0.000377
2454983.23037559 -0.619143 0.000421
2454983.25081009 -0.483961 0.000464
2454983.27124459 -0.369783 0.000504
2454983.29167918 -0.275506 0.000541
2454983.31211358 -0.193989 0.000574
2454983.33254808 -0.122320 0.000606
2454983.35298247 -0.058940 0.000636
2454983.37341707 -0.003592 0.000664
2454983.39385157 0.047292 0.000690
2454983.41428596 0.099339 0.000719
2454983.43472056 0.147027 0.000746
2454983.45515505 0.191338 0.000772
2454983.47558955 0.219830 0.000790
2454983.49602394 0.220582 0.000791
2454983.51645854 0.205940 0.000782
2454983.53689303 0.198687 0.000777
2454983.55732743 0.202541 0.000779
2454983.57776202 0.214010 0.000786
2454983.59819651 0.183361 0.000768
2454983.61863091 -0.016775 0.000657
2454983.63906540 -0.363921 0.000506
2454983.65949999 -0.767098 0.000380
2454983.67993439 -0.887607 0.000349
2454983.70036888 -0.749356 0.000384
2454983.72080348 -0.594408 0.000429
2454983.74123797 -0.460844 0.000472
2454983.76167236 -0.348718 0.000512
2454983.78210685 -0.263977 0.000545
2454983.80254145 -0.178535 0.000581
2454983.82297584 -0.109149 0.000613
2454983.84341033 -0.048986 0.000641
2454983.86384492 0.003731 0.000667
2454983.88427931 0.054463 0.000694
2454983.90471381 0.101397 0.000720
2454983.92514830 0.148670 0.000747
2454983.94558279 0.185435 0.000769
2454983.96601728 0.208195 0.000783
2454983.98645177 0.205701 0.000781
2454984.00688616 0.195692 0.000775
2454984.02732075 0.192347 0.000773
2454984.04775524 0.196459 0.000776
2454984.06818963 0.210296 0.000784
2454984.08862422 0.165003 0.000757
2454984.10905871 -0.051417 0.000640
2454984.12949310 -0.447574 0.000476
2454984.14992759 -0.809538 0.000369
2454984.17036218 -0.863039 0.000355
2454984.19079657 -0.723398 0.000391
2454984.21123106 -0.576173 0.000434
2454984.23166565 -0.446867 0.000477
2454984.25210014 -0.340269 0.000515
2454984.27253453 -0.250782 0.000551
2454984.29296901 -0.172239 0.000584
2454984.31340360 -0.102264 0.000616
2454984.33383799 -0.041526 0.000645
2454984.35427248 0.014763 0.000673
2454984.37470707 0.067368 0.000702
2454984.39514146 0.115711 0.000728
2454984.41557594 0.160865 0.000754
2454984.43601043 0.196919 0.000775
2454984.45644492 0.212132 0.000785
2454984.47687940 0.205920 0.000781
2454984.49731389 0.198991 0.000777
2454984.51774838 0.203092 0.000779
2454984.53818286 0.207420 0.000781
2454984.55861735 0.205959 0.000780
2454984.57905184 0.114050 0.000727
2454984.59948642 -0.123949 0.000605
2454984.61992081 -0.523492 0.000451
2454984.64035529 -0.861151 0.000355
2454984.68122426 -0.689274 0.000401
2454984.70165875 -0.545816 0.000444
2454984.72209323 -0.421381 0.000485
2454984.74252772 -0.318158 0.000523
2454984.76296220 -0.228355 0.000560
2454984.78339669 -0.154884 0.000591
2454984.80383107 -0.088737 0.000622
2454984.82426566 -0.029073 0.000650
2454984.84470014 0.023646 0.000678
2454984.86513452 0.072021 0.000704
2454984.88556911 0.118920 0.000730
2454984.90600359 0.162945 0.000755
2454984.92643797 0.198575 0.000776
2454984.94687246 0.213420 0.000785
2454984.96730704 0.202667 0.000779
2454984.98774152 0.192119 0.000773
2454985.00817591 0.193447 0.000773
2454985.02861049 0.201766 0.000778
2454985.04904497 0.203798 0.000780
2454985.06947935 0.078770 0.000707
2454985.08991383 -0.198511 0.000572
2454985.11034842 -0.580311 0.000433
2454985.13078280 -0.877581 0.000352
2454985.15121728 -0.820829 0.000365
2454985.17165176 -0.666230 0.000407
2454985.19208624 -0.525076 0.000450
2454985.21252072 -0.405177 0.000491
2454985.23295520 -0.304286 0.000529
2454985.25338978 -0.218644 0.000563
2454985.27382416 -0.143922 0.000596
2454985.31469302 -0.021604 0.000654
2454985.33512760 0.029269 0.000680
2454985.35556208 0.078394 0.000707
2454985.37599646 0.126452 0.000733
2454985.39643104 0.167769 0.000757
2454985.41686552 0.204145 0.000779
2454985.43730000 0.210840 0.000783
2454985.45773438 0.203870 0.000779
2454985.47816896 0.199077 0.000776
2454985.49860344 0.200158 0.000776
2454985.51903782 0.210491 0.000783
2454985.53947239 0.203679 0.000779
2454985.55990687 0.067226 0.000700
2454985.58034125 -0.272154 0.000541
2454985.60077573 -0.669614 0.000406
2454985.62121030 -0.863039 0.000354
2454985.64164468 -0.784684 0.000374
2454985.68251364 -0.494350 0.000459
2454985.70294811 -0.379050 0.000500
2454985.72338259 -0.284370 0.000536
2454985.74381707 -0.204001 0.000569
2454985.76425164 -0.131806 0.000600
2454985.78468602 -0.070544 0.000629
2454985.80512049 -0.015616 0.000656
2454985.82555487 0.118979 0.000736
2454985.84598944 0.103859 0.000722
2454985.86642392 0.138146 0.000741
2454985.88685830 0.179097 0.000764
2454985.90729287 0.209249 0.000782
2454985.92772735 0.212573 0.000785
2454985.94816182 0.198427 0.000776
2454985.96859619 0.198013 0.000777
2454985.98903077 0.194887 0.000774
2454986.00946524 0.201377 0.000777
2454986.02989962 0.170394 0.000759
2454986.05033419 -0.006025 0.000661
2454986.07076866 -0.338340 0.000515
2454986.09120304 -0.728430 0.000390
2454986.11163751 -0.864800 0.000355
2454986.13207208 -0.755958 0.000382
2454986.15250646 -0.612088 0.000423
2454986.17294093 -0.487019 0.000462
2454986.19337540 -0.378677 0.000499
2454986.21380997 -0.287000 0.000535
2454986.23424445 -0.203887 0.000569
2454986.25467882 -0.129686 0.000602
2454986.27511339 -0.061531 0.000635
2454986.29554786 0.000736 0.000666
2454986.31598223 0.046289 0.000690
2454986.33641671 0.095241 0.000717
2454986.35685118 0.143728 0.000744
2454986.37728565 0.183320 0.000767
2454986.39772012 0.207152 0.000782
2454986.41815469 0.208661 0.000782
2454986.43858916 0.195360 0.000774
2454986.45902353 0.199184 0.000777
2454986.47945800 0.207771 0.000782
2454986.49989257 0.215425 0.000787
2454986.52032694 0.160112 0.000754
2454986.54076141 -0.063933 0.000634
2454986.56119598 -0.409482 0.000490
2454986.58163035 -0.793539 0.000373
2454986.60206482 -0.860114 0.000356
2454986.62249929 -0.723231 0.000391
2454986.64293375 -0.577181 0.000434
2454986.66336822 -0.450479 0.000475
2454986.68380269 -0.344818 0.000514
2454986.70423706 -0.253987 0.000549
2454986.72467163 -0.174911 0.000582
2454986.74510609 -0.108697 0.000612
2454986.76554046 -0.050020 0.000640
2454986.78597503 0.006546 0.000669
2454986.80640950 0.055607 0.000695
2454986.82684386 0.104287 0.000722
2454986.84727833 0.146519 0.000745
2454986.86771290 0.184039 0.000768
2454986.88814726 0.206055 0.000781
2454986.90858173 0.202491 0.000779
2454986.92901630 0.188468 0.000770
2454986.94945076 0.189521 0.000771
2454986.96988513 0.195168 0.000775
2454986.99031959 0.208776 0.000783
2454987.01075416 0.135401 0.000740
2454987.03118853 -0.128672 0.000603
2454987.05162299 -0.480623 0.000465
2454987.07205756 -0.798984 0.000371
2454987.09249192 -0.841760 0.000360
2454987.11292638 -0.704100 0.000396
2454987.13336085 -0.560007 0.000439
2454987.15379531 -0.435872 0.000480
2454987.17422978 -0.330562 0.000519
2454987.19466424 -0.240829 0.000554
2454987.21509871 -0.164807 0.000587
2454987.23553317 -0.097291 0.000617
2454987.25596763 -0.037861 0.000647
2454987.27640199 0.014904 0.000673
2454987.29683656 0.064051 0.000699
2454987.31727102 0.110152 0.000725
2454987.33770538 0.154052 0.000750
2454987.35813985 0.187610 0.000769
2454987.37857441 0.201939 0.000778
2454987.39900877 0.196862 0.000775
2454987.41944323 0.194612 0.000774
2454987.43987779 0.195887 0.000775
2454987.46031225 0.202358 0.000779
2454987.48074662 0.203292 0.000779
2454987.50118108 0.104662 0.000722
2454987.52161564 -0.159607 0.000589
2454987.54205000 -0.563679 0.000437
2454987.56248446 -0.834918 0.000362
2454987.58291902 -0.814111 0.000367
2454987.60335338 -0.675447 0.000405
2454987.62378784 -0.536135 0.000446
2454987.64422230 -0.415805 0.000487
2454987.66465676 -0.313763 0.000525
2454987.68509122 -0.227063 0.000560
2454987.70552568 -0.151326 0.000593
2454987.72596024 -0.085830 0.000623
2454987.74639460 -0.032196 0.000649
2454987.76682906 0.021128 0.000676
2454987.78726351 0.071448 0.000703
2454987.80769797 0.119384 0.000729
2454987.82813243 0.162919 0.000754
2454987.84856679 0.189674 0.000769
2454987.86900135 0.192444 0.000770
2454987.88943580 0.178301 0.000761
2454987.90987026 0.175000 0.000759
2454987.93030472 0.179754 0.000762
2454987.95073918 0.190523 0.000769
2454987.97117363 0.182797 0.000765
2454987.99160809 0.041113 0.000686
2454988.01204245 -0.233943 0.000557
2454988.03247700 -0.627026 0.000418
2454988.05291146 -0.860030 0.000355
2454988.07334582 -0.786989 0.000374
2454988.09378037 -0.642103 0.000413
2454988.11421483 -0.509733 0.000454
2454988.13464918 -0.395661 0.000494
2454988.15508364 -0.302125 0.000529
2454988.17551819 -0.214309 0.000565
2454988.19595265 -0.140294 0.000597
2454988.21638700 -0.075692 0.000628
2454988.23682146 -0.020718 0.000654
2454988.25725601 0.031822 0.000682
2454988.29812482 0.123907 0.000732
2454988.31855937 0.163911 0.000755
2454988.33899373 0.196654 0.000775
2454988.35942818 0.206024 0.000780
2454988.37986263 0.195727 0.000774
2454988.40029709 0.188834 0.000770
2454988.42073154 0.191921 0.000771
2454988.44116599 0.203120 0.000778
2454988.46160054 0.177895 0.000763
2454988.48203490 -0.002632 0.000663
2454988.50246935 -0.321106 0.000522
2454988.52290370 -0.668592 0.000406
2454988.54333825 -0.851544 0.000358
2454988.58420706 -0.621386 0.000420
2454988.60464161 -0.489735 0.000461
2454988.62507606 -0.377529 0.000501
2454988.64551051 -0.280836 0.000538
2454988.66594486 -0.198358 0.000572
2454988.68637941 -0.126456 0.000604
2454988.70681386 -0.062601 0.000633
2454988.72724821 -0.008936 0.000660
2454988.74768266 0.039921 0.000686
2454988.76811721 0.087838 0.000712
2454988.78855156 0.132368 0.000737
2454988.80898601 0.170865 0.000759
2454988.82942056 0.197731 0.000776
2454988.84985491 0.199210 0.000777
2454988.87028936 0.191951 0.000772
2454988.89072380 0.189130 0.000771
2454988.91115835 0.192796 0.000773
2454988.93159270 0.203235 0.000779
2454988.95202715 0.161112 0.000754
2454988.97246170 -0.037475 0.000647
2454988.99289604 -0.386217 0.000498
2454989.01333049 -0.722404 0.000391
2454989.03376484 -0.839203 0.000361
2454989.05419939 -0.736031 0.000387
2454989.07463383 -0.594894 0.000429
2454989.09506828 -0.467964 0.000469
2454989.11550273 -0.363048 0.000507
2454989.13593717 -0.270100 0.000542
2454989.15637162 -0.189258 0.000576
2454989.17680596 -0.119818 0.000607
2454989.19724051 -0.057604 0.000637
2454989.21767496 -0.003443 0.000663
2454989.23810930 0.046081 0.000689
2454989.25854375 0.093718 0.000715
2454989.27897829 0.136955 0.000740
2454989.29941264 0.175341 0.000762
2454989.31984708 0.197134 0.000775
2454989.34028163 0.193223 0.000773
2454989.36071597 0.188085 0.000770
2454989.38115041 0.192448 0.000773
2454989.40158486 0.193680 0.000774
2454989.42201940 0.199602 0.000777
2454989.44245374 0.124111 0.000733
2454989.46288819 -0.094803 0.000619
2454989.48332273 -0.459110 0.000472
2454989.50375707 -0.792298 0.000373
2454989.52419152 -0.831214 0.000363
2454989.54462596 -0.709692 0.000394
2454989.56506040 -0.573059 0.000435
2454989.58549484 -0.450035 0.000475
2454989.60592929 -0.342723 0.000513
2454989.62636373 -0.249996 0.000550
2454989.64679817 -0.171595 0.000584
2454989.66723261 -0.101391 0.000616
2454989.68766705 -0.042550 0.000644
2454989.70810149 0.010383 0.000671
2454989.72853593 0.058029 0.000696
2454989.74897037 0.103666 0.000721
2454989.76940471 0.146017 0.000745
2454989.78983925 0.182641 0.000767
2454989.81027369 0.203930 0.000779
2454989.83070813 0.196735 0.000775
2454989.85114257 0.183819 0.000767
2454989.87157701 0.188014 0.000770
2454989.89201145 0.192879 0.000773
2454989.91244579 0.197601 0.000776
2454989.93288033 0.083757 0.000710
2454989.95331477 -0.191059 0.000575
2454989.97374911 -0.511416 0.000455
2454989.99418365 -0.796549 0.000372
2454990.01461808 -0.811211 0.000368
2454990.03505242 -0.678436 0.000404
2454990.05548686 -0.542825 0.000444
2454990.07592140 -0.423604 0.000484
2454990.09635573 -0.324456 0.000521
2454990.11679017 -0.235524 0.000557
2454990.13722471 -0.161491 0.000588
2454990.15765915 -0.096291 0.000618
2454990.17809348 -0.037480 0.000647
2454990.19852792 0.012031 0.000671
2454990.21896246 0.060076 0.000697
2454990.23939679 0.103665 0.000721
2454990.25983123 0.142554 0.000743
2454990.28026566 0.176412 0.000762
2454990.30070010 0.194182 0.000773
2454990.32113453 0.190138 0.000771
2454990.34156897 0.186389 0.000769
2454990.36200340 0.188142 0.000770
2454990.38243784 0.198619 0.000776
2454990.40287227 0.190498 0.000771
2454990.42330661 0.054801 0.000694
2454990.44374114 -0.244176 0.000553
2454990.46417557 -0.586781 0.000431
2454990.48460991 -0.815812 0.000367
2454990.50504444 -0.794431 0.000372
2454990.52547887 -0.655282 0.000410
2454990.54591321 -0.519220 0.000452
2454990.56634764 -0.403436 0.000492
2454990.58678217 -0.305488 0.000528
2454990.60721651 -0.221749 0.000562
2454990.62765094 -0.146333 0.000595
2454990.64808547 -0.080626 0.000625
2454990.66851990 -0.023710 0.000654
2454990.68895423 0.024768 0.000678
2454990.70938867 0.072706 0.000704
2454990.72982320 0.117729 0.000729
2454990.75025753 0.155143 0.000751
2454990.77069196 0.185622 0.000769
2454990.79112649 0.194115 0.000774
2454990.81156082 0.187169 0.000769
2454990.83199525 0.186013 0.000769
2454990.85242968 0.190693 0.000771
2454990.87286411 0.195488 0.000774
2454990.89329854 0.174246 0.000762
2454990.91373297 0.013283 0.000672
2454990.93416730 -0.293974 0.000533
2454990.95460183 -0.645283 0.000413
2454990.97503626 -0.822984 0.000365
2454990.99547059 -0.762145 0.000381
2454991.01590511 -0.625551 0.000419
2454991.03633954 -0.500513 0.000458
2454991.05677387 -0.390840 0.000496
2454991.07720830 -0.298277 0.000531
2454991.09764283 -0.214809 0.000565
2454991.11807725 -0.140123 0.000598
2454991.13851158 -0.075406 0.000628
2454991.15894611 -0.020930 0.000655
2454991.17938054 0.030148 0.000681
2454991.19981486 0.077362 0.000706
2454991.22024929 0.123274 0.000732
2454991.24068382 0.164312 0.000756
2454991.28155257 0.196903 0.000775
2454991.30198709 0.187264 0.000769
2454991.32242152 0.185872 0.000768
2454991.34285584 0.186745 0.000768
2454991.36329027 0.195265 0.000773
2454991.38372480 0.151565 0.000747
2454991.40415922 -0.059881 0.000634
2454991.42459354 -0.369129 0.000502
2454991.44502797 -0.701704 0.000397
2454991.46546249 -0.825313 0.000365
2454991.48589682 -0.728118 0.000390
2454991.50633124 -0.654587 0.000406
2454991.52676576 -0.469745 0.000469
2454991.54720009 -0.340818 0.000517
2454991.56763451 -0.267523 0.000544
2454991.58806893 -0.198052 0.000572
2454991.60850336 -0.129325 0.000602
2454991.62893778 -0.071025 0.000629
2454991.64937220 -0.015671 0.000656
2454991.66980672 0.036282 0.000684
2454991.69024105 0.085350 0.000711
2454991.71067547 0.132708 0.000737
2454991.73110979 0.167383 0.000758
2454991.75154431 0.192037 0.000772
2454991.77197873 0.195414 0.000773
2454991.79241315 0.188114 0.000770
2454991.81284757 0.185124 0.000768
2454991.83328199 0.186688 0.000769
2454991.85371642 0.192462 0.000772
2454991.87415074 0.127736 0.000734
2454991.89458526 -0.118906 0.000607
2454991.91501968 -0.437743 0.000479
2454991.93545400 -0.716174 0.000393
2454991.95588851 -0.817155 0.000366
2454991.97632293 -0.714148 0.000394
2454991.99675725 -0.578344 0.000432
2454992.01719167 -0.456788 0.000473
2454992.03762619 -0.353168 0.000510
2454992.05806051 -0.262803 0.000545
2454992.07849493 -0.183350 0.000579
2454992.09892934 -0.113968 0.000609
2454992.11936386 -0.047209 0.000642
2454992.13979818 0.008856 0.000670
2454992.16023260 0.055694 0.000696
2454992.18066711 0.100624 0.000720
2454992.20110143 0.141357 0.000743
2454992.22153585 0.171930 0.000760
2454992.24197017 0.182206 0.000765
2454992.26240468 0.179561 0.000763
2454992.28283910 0.174014 0.000758
2454992.30327351 0.173665 0.000759
2454992.32370793 0.179550 0.000762
2454992.34414235 0.183873 0.000766
2454992.36457676 0.100158 0.000718
2454992.38501108 -0.143975 0.000596
2454992.40544559 -0.490557 0.000461
2454992.42588001 -0.764598 0.000380
2454992.44631432 -0.801857 0.000370
2454992.46674883 -0.687097 0.000401
2454992.48718325 -0.556456 0.000440
2454992.50761756 -0.438481 0.000479
2454992.52805198 -0.336570 0.000516
2454992.54848649 -0.248015 0.000551
2454992.56892080 -0.170111 0.000584
2454992.58935522 -0.104196 0.000614
2454992.60978963 -0.044669 0.000643
2454992.63022414 0.005832 0.000668
2454992.65065845 0.054151 0.000694
2454992.67109287 0.101939 0.000719
2454992.69152738 0.146527 0.000745
2454992.71196169 0.182125 0.000767
2454992.73239610 0.194165 0.000773
2454992.75283051 0.188501 0.000770
2454992.77326492 0.182272 0.000765
2454992.79369934 0.184741 0.000766
2454992.81413375 0.186332 0.000767
2454992.83456816 0.177482 0.000763
2454992.85500257 0.046100 0.000689
2454992.87543698 -0.217519 0.000564
2454992.89587129 -0.549751 0.000441
2454992.91630580 -0.787986 0.000373
2454992.93674021 -0.788987 0.000373
2454992.95717462 -0.663983 0.000407
2454992.97760903 -0.535351 0.000447
2454992.99804344 -0.421829 0.000485
2454993.01847785 -0.322587 0.000521
2454993.03891225 -0.236847 0.000555
2454993.05934666 -0.160429 0.000588
2454993.07978107 -0.092907 0.000619
2454993.10021548 -0.035744 0.000647
2454993.12064979 0.014947 0.000673
2454993.14108429 0.061900 0.000698
2454993.16151870 0.105935 0.000722
2454993.18195301 0.143480 0.000743
2454993.20238752 0.176035 0.000762
2454993.22282192 0.190679 0.000771
2454993.24325623 0.187227 0.000769
2454993.26369064 0.183188 0.000766
2454993.28412514 0.181778 0.000765
2454993.30455945 0.189809 0.000770
2454993.32499385 0.165627 0.000755
2454993.34542836 -0.008289 0.000660
2454993.36586276 -0.298984 0.000530
2454993.38629707 -0.591551 0.000429
2454993.40673147 -0.797943 0.000371
2454993.42716598 -0.768761 0.000379
2454993.44760028 -0.639485 0.000415
2454993.46803469 -0.512866 0.000453
2454993.48846919 -0.400478 0.000493
2454993.50890350 -0.303214 0.000528
2454993.52933790 -0.220498 0.000563
2454993.54977230 -0.145216 0.000595
2454993.57020671 -0.081560 0.000624
2454993.59064111 -0.027016 0.000651
2454993.61107551 0.023310 0.000677
2454993.63150981 0.068452 0.000701
2454993.65194432 0.112241 0.000725
2454993.67237872 0.151271 0.000748
2454993.69281302 0.180558 0.000765
2454993.71324752 0.192021 0.000772
2454993.73368192 0.191891 0.000771
2454993.75411623 0.191035 0.000771
2454993.77455063 0.191683 0.000771
2454993.79498513 0.196377 0.000774
2454993.81541953 0.152882 0.000749
2454993.83585383 -0.038302 0.000646
2454993.85628833 -0.353769 0.000510
2454993.87672273 -0.659479 0.000408
2454993.89715703 -0.804198 0.000370
2454993.91759143 -0.742420 0.000386
2454993.93802593 -0.612606 0.000423
2454993.95846023 -0.485947 0.000463
2454993.97889463 -0.378376 0.000501
2454993.99932913 -0.285281 0.000536
2454994.01976342 -0.205131 0.000569
2454994.04019782 -0.131564 0.000601
2454994.06063222 -0.067953 0.000631
2454994.08106662 -0.013002 0.000659
2454994.10150102 0.035539 0.000684
2454994.12193541 0.082200 0.000709
2454994.14236991 0.123655 0.000732
2454994.16280421 0.159683 0.000753
2454994.18323861 0.185411 0.000768
2454994.20367290 0.187271 0.000769
2454994.22410740 0.183143 0.000767
2454994.26497619 0.188172 0.000770
2454994.28541049 0.189421 0.000770
2454994.30584498 0.117717 0.000729
2454994.32627938 -0.092426 0.000619
2454994.34671367 -0.396578 0.000494
2454994.36714817 -0.695518 0.000399
2454994.38758256 -0.799879 0.000370
2454994.40801686 -0.716665 0.000393
2454994.42845125 -0.589095 0.000429
2454994.44888575 -0.469912 0.000469
2454994.46932004 -0.368505 0.000504
2454994.48975444 -0.276567 0.000539
2454994.51018893 -0.194635 0.000574
2454994.53062322 -0.123339 0.000605
2454994.55105762 -0.059960 0.000636
2454994.57149201 -0.008467 0.000661
2454994.59192650 0.037828 0.000685
2454994.61236079 0.084248 0.000709
2454994.63279519 0.126375 0.000734
2454994.65322968 0.163191 0.000755
2454994.67366407 0.188497 0.000770
2454994.69409836 0.194163 0.000774
2454994.71453275 0.173971 0.000760
2454994.73496724 0.178845 0.000764
2454994.75540154 0.174857 0.000760
2454994.77583593 0.192991 0.000773
2454994.79627032 0.080553 0.000707
2454994.81670471 -0.181556 0.000579
2454994.83713910 -0.434885 0.000483
2454994.85757349 -0.671602 0.000410
2454994.87800798 -0.865847 0.000349
2454994.89844227 -0.489831 0.000482
2454994.91887666 -0.615055 0.000418
2454994.93931095 -0.465779 0.000468
2454994.95974543 -0.278273 0.000546
2454994.98017982 -0.207018 0.000574
2454995.00061421 -0.181602 0.000580
2454995.02104860 -0.125082 0.000604
2454995.04148299 -0.053311 0.000639
2454995.06191738 -0.001175 0.000666
2454995.08235166 0.050500 0.000693
2454995.10278615 0.095836 0.000718
2454995.12322054 0.138946 0.000742
2454995.14365482 0.162745 0.000755
2454995.16408931 0.186080 0.000769
2454995.18452370 0.187544 0.000770
2454995.20495798 0.184926 0.000768
2454995.22539237 0.188168 0.000770
2454995.24582686 0.190680 0.000772
2454995.26626114 0.178837 0.000765
2454995.28669553 0.039432 0.000686
2454995.30713001 -0.230159 0.000559
2454995.32756440 -0.519989 0.000452
2454995.34799868 -0.746078 0.000385
2454995.36843307 -0.781696 0.000376
2454995.38886755 -0.672776 0.000405
2454995.40930184 -0.545428 0.000443
2454995.42973622 -0.432548 0.000481
2454995.45017050 -0.332865 0.000518
2454995.47060499 -0.246938 0.000552
2454995.49103937 -0.166512 0.000586
2454995.51147315 -0.100008 0.000616
2454995.53190764 -0.041498 0.000645
2454995.55234192 0.008705 0.000670
2454995.57277630 0.055490 0.000694
2454995.59321068 0.097809 0.000718
2454995.61364517 0.137738 0.000740
2454995.63407945 0.170228 0.000759
2454995.65451383 0.184460 0.000768
2454995.67494831 0.186848 0.000769
2454995.69538259 0.189174 0.000771
2454995.71581697 0.190560 0.000771
2454995.73625135 0.192334 0.000773
2454995.75668573 0.165545 0.000756
2454995.77712011 0.011479 0.000671
2454995.79755449 -0.253938 0.000549
2454995.81798887 -0.565505 0.000437
2454995.83842325 -0.764518 0.000380
2454995.85885763 -0.758726 0.000382
2454995.87929191 -0.644000 0.000414
2454995.89972639 -0.522273 0.000451
2454995.92016077 -0.415085 0.000487
2454995.94059505 -0.319048 0.000523
2454995.96102943 -0.233389 0.000557
2454995.98146391 -0.155654 0.000591
2454996.00189818 -0.090729 0.000620
2454996.02233256 -0.034710 0.000648
2454996.04276704 0.016806 0.000674
2454996.06320142 0.061005 0.000697
2454996.08363569 0.106155 0.000722
2454996.10407007 0.143165 0.000743
2454996.12450455 0.172938 0.000760
2454996.14493882 0.181506 0.000765
2454996.16537320 0.182387 0.000766
2454996.18580767 0.188628 0.000770
2454996.20624195 0.190284 0.000771
2454996.22667633 0.191863 0.000771
2454996.24711070 0.147642 0.000745
2454996.26754508 -0.060122 0.000634
2454996.28797945 -0.331772 0.000516
2454996.30841383 -0.607069 0.000424
2454996.32884830 -0.776232 0.000376
2454996.34928257 -0.747989 0.000384
2454996.36971695 -0.625648 0.000418
2454996.39015122 -0.502852 0.000457
2454996.41058570 -0.395491 0.000494
2454996.43102007 -0.302993 0.000528
2454996.45145434 -0.219029 0.000563
2454996.47188882 -0.144888 0.000594
2454996.49232319 -0.078913 0.000626
2454996.51275756 -0.023072 0.000653
2454996.53319183 0.024060 0.000677
2454996.55362630 0.068612 0.000701
2454996.57406068 0.110296 0.000724
2454996.59449495 0.146186 0.000744
2454996.61492932 0.174653 0.000761
2454996.63536379 0.185361 0.000767
2454996.65579806 0.185888 0.000768
2454996.67623243 0.190691 0.000770
2454996.69666690 0.189090 0.000770
2454996.71710117 0.193851 0.000772
2454996.73753554 0.125374 0.000732
2454996.75796991 -0.110540 0.000610
2454996.77840428 -0.399585 0.000492
2454996.79883865 -0.638672 0.000414
2454996.81927302 -0.778848 0.000375
2454996.83970749 -0.725631 0.000390
2454996.86014176 -0.600585 0.000425
2454996.88057613 -0.479290 0.000465
2454996.90101039 -0.372469 0.000502
2454996.92144486 -0.280781 0.000537
2454996.94187923 -0.200683 0.000571
2454996.96231360 -0.132086 0.000599
2454996.98274796 -0.072934 0.000628
2454997.00318233 -0.020986 0.000653
2454997.02361670 0.025943 0.000678
2454997.04405097 0.071787 0.000702
2454997.06448543 0.114256 0.000725
2454997.08491980 0.150081 0.000746
2454997.10535416 0.173465 0.000759
2454997.12578843 0.183028 0.000766
2454997.14622290 0.185535 0.000766
2454997.16665716 0.190884 0.000771
2454997.18709153 0.193579 0.000771
2454997.20752599 0.187307 0.000767
2454997.24839462 -0.143631 0.000594
2454997.26882898 -0.431387 0.000480
2454997.28926335 -0.684810 0.000400
2454997.30969771 -0.768519 0.000379
2454997.33013208 -0.693042 0.000399
2454997.35056654 -0.572926 0.000434
2454997.37100090 -0.460527 0.000471
2454997.39143516 -0.360700 0.000505
2454997.41186953 -0.270304 0.000541
2454997.43230389 -0.189128 0.000575
2454997.45273825 -0.118210 0.000606
2454997.47317261 -0.057270 0.000634
2454997.49360708 -0.006717 0.000660
2454997.51404134 0.040401 0.000685
2454997.53447570 0.084207 0.000708
2454997.55491006 0.123550 0.000730
2454997.57534442 0.157612 0.000750
2454997.59577878 0.178324 0.000762
2454997.61621314 0.184768 0.000766
2454997.63664740 0.187146 0.000767
2454997.65708186 0.191410 0.000770
2454997.67751622 0.193415 0.000771
2454997.69795058 0.180940 0.000764
2454997.71838494 0.043821 0.000686
2454997.73881930 -0.201144 0.000568
2454997.75925366 -0.476552 0.000464
2454997.77968792 -0.705320 0.000394
2454997.80012238 -0.772706 0.000377
2454997.82055673 -0.681145 0.000401
2454997.84099099 -0.557797 0.000438
2454997.86142545 -0.445557 0.000475
2454997.88185981 -0.345947 0.000510
2454997.90229406 -0.257678 0.000546
2454997.92272842 -0.174674 0.000581
2454997.94316288 -0.103750 0.000613
2454997.96359713 -0.041327 0.000643
2454997.98403149 0.001502 0.000664
