# # KIC 5559631 Kepler PDCSAP converted to OGLE-like format
# # columns: JD  mag  mag_err
2454964.51201881 -0.189327 0.000304
2454964.53245350 -0.150487 0.000312
2454964.55288809 -0.113712 0.000320
2454964.57332258 -0.084345 0.000327
2454964.59375717 -0.049248 0.000335
2454964.61419186 -0.020922 0.000342
2454964.63462635 0.003836 0.000348
2454964.65506093 0.023796 0.000353
2454964.67549562 0.044618 0.000358
2454964.69593021 0.066433 0.000364
2454964.71636470 0.089826 0.000370
2454964.73679929 0.109478 0.000375
2454964.75723398 0.117771 0.000377
2454964.77766847 0.118438 0.000378
2454964.79810306 0.130617 0.000381
2454964.81853774 0.156091 0.000388
2454964.83897223 0.193420 0.000399
2454964.85940682 0.232489 0.000410
2454964.87984141 0.263285 0.000419
2454964.90027600 0.263058 0.000419
2454964.92071059 0.167579 0.000391
2454964.94114517 -0.102788 0.000323
2454964.96157976 -0.284368 0.000285
2454964.98201435 -0.456691 0.000254
2454965.00244894 -0.486800 0.000249
2454965.02288343 -0.442454 0.000256
2454965.04331812 -0.389578 0.000265
2454965.06375270 -0.339583 0.000274
2454965.08418719 -0.292076 0.000283
2454965.10462178 -0.247414 0.000292
2454965.12505647 -0.205287 0.000301
2454965.14549096 -0.164699 0.000309
2454965.16592554 -0.126513 0.000317
2454965.18636023 -0.091840 0.000325
2454965.20679482 -0.058832 0.000333
2454965.22722931 -0.028859 0.000340
2454965.24766390 -0.003833 0.000346
2454965.26809858 0.018156 0.000352
2454965.28853307 0.038318 0.000357
2454965.30896766 0.058847 0.000362
2454965.32940235 0.083334 0.000368
2454965.34983683 0.104558 0.000374
2454965.37027142 0.117314 0.000377
2454965.39070601 0.118919 0.000378
2454965.41114060 0.123912 0.000379
2454965.43157518 0.144924 0.000385
2454965.45200977 0.179477 0.000395
2454965.47244446 0.218532 0.000406
2454965.49287895 0.254517 0.000417
2454965.51331353 0.270666 0.000422
2454965.53374802 0.225043 0.000408
2454965.55418271 0.015930 0.000351
2454965.57461730 -0.225128 0.000297
2454965.59505178 -0.403613 0.000263
2454965.61548647 -0.492852 0.000248
2454965.63592106 -0.462027 0.000253
2454965.65635564 -0.408300 0.000262
2454965.67679013 -0.357109 0.000271
2454965.69722482 -0.310112 0.000280
2454965.71765941 -0.264765 0.000289
2454965.73809389 -0.221262 0.000298
2454965.75852858 -0.179926 0.000306
2454965.77896317 -0.140778 0.000314
2454965.79939765 -0.104806 0.000322
2454965.81983224 -0.070110 0.000330
2454965.84026693 -0.039502 0.000338
2454965.86070141 -0.013237 0.000344
2454965.88113600 0.010028 0.000350
2454965.90157069 0.030657 0.000355
2454965.92200517 0.051729 0.000360
2454965.94243976 0.074154 0.000366
2454965.96287435 0.096769 0.000372
2454965.98330903 0.114342 0.000377
2454966.00374352 0.119657 0.000378
2454966.02417811 0.122055 0.000379
2454966.04461269 0.136488 0.000383
2454966.06504728 0.165985 0.000392
2454966.08548186 0.204334 0.000402
2454966.10591645 0.242173 0.000413
2454966.12635104 0.270489 0.000423
2454966.14678562 0.256772 0.000418
2454966.16722021 0.127006 0.000381
2454966.18765480 -0.158325 0.000311
2454966.20808948 -0.334113 0.000276
2454966.22852397 -0.485314 0.000250
2454966.24895855 -0.483659 0.000250
2454966.26939314 -0.431493 0.000259
2454966.28982772 -0.377778 0.000268
2454966.31026231 -0.328039 0.000277
2454966.33069680 -0.282762 0.000286
2454966.35113148 -0.239051 0.000294
2454966.37156607 -0.195741 0.000303
2454966.39200065 -0.156148 0.000312
2454966.41243524 -0.118628 0.000320
2454966.43286982 -0.083689 0.000328
2454966.45330441 -0.051352 0.000336
2454966.47373890 -0.022458 0.000342
2454966.49417358 0.002263 0.000348
2454966.51460817 0.023687 0.000354
2454966.53504265 0.045001 0.000359
2454966.55547734 0.066819 0.000365
2454966.57591192 0.090926 0.000371
2454966.59634641 0.111340 0.000376
2454966.61678099 0.121366 0.000379
2454966.63721568 0.120446 0.000379
2454966.65765026 0.130215 0.000382
2454966.67808475 0.154446 0.000388
2454966.69851943 0.190826 0.000398
2454966.71895402 0.230925 0.000410
2454966.73938850 0.265126 0.000421
2454966.75982309 0.272140 0.000423
2454966.78025777 0.199869 0.000401
2454966.80069226 -0.055611 0.000334
2454966.82112684 -0.266457 0.000289
2454966.84156143 -0.450212 0.000256
2454966.86199601 -0.498539 0.000247
2454966.88243060 -0.455616 0.000255
2454966.90286518 -0.400273 0.000264
2454966.92329977 -0.348985 0.000274
2454966.94373435 -0.300345 0.000283
2454966.96416893 -0.255943 0.000291
2454966.98460342 -0.212651 0.000300
2454967.00503810 -0.171280 0.000309
2454967.02547269 -0.131862 0.000317
2454967.04590717 -0.096476 0.000325
2454967.06634186 -0.061961 0.000333
2454967.08677644 -0.032571 0.000340
2454967.10721092 -0.005521 0.000346
2454967.12764551 0.016754 0.000352
2454967.14808019 0.038331 0.000357
2454967.16851478 0.058803 0.000363
2454967.18894926 0.082701 0.000369
2454967.20938394 0.106236 0.000375
2454967.22981853 0.120054 0.000379
2454967.25025301 0.122103 0.000380
2454967.27068760 0.126304 0.000381
2454967.29112228 0.144258 0.000386
2454967.31155676 0.177169 0.000395
2454967.33199135 0.217019 0.000406
2454967.35242603 0.255257 0.000418
2454967.37286051 0.275881 0.000424
2454967.41372968 0.071445 0.000366
2454967.43416426 -0.209523 0.000301
2454967.45459885 -0.391903 0.000266
2454967.47503343 -0.504629 0.000246
2454967.49546811 -0.480089 0.000251
2454967.51590260 -0.423765 0.000260
2454967.53633718 -0.371388 0.000269
2454967.55677166 -0.319936 0.000279
2454967.57720635 -0.272822 0.000288
2454967.59764093 -0.228444 0.000297
2454967.61807541 -0.186035 0.000305
2454967.63850999 -0.146246 0.000314
2454967.65894468 -0.108756 0.000322
2454967.67937926 -0.073796 0.000330
2454967.69981384 -0.043473 0.000337
2454967.72024843 -0.015289 0.000344
2454967.74068301 0.009677 0.000350
2454967.76111749 0.030870 0.000356
2454967.78155207 0.052700 0.000361
2454967.80198676 0.075811 0.000367
2454967.82242134 0.099793 0.000374
2454967.84285582 0.118489 0.000379
2454967.86329050 0.123975 0.000380
2454967.88372508 0.125811 0.000381
2454967.90415967 0.136324 0.000384
2454967.92459415 0.164236 0.000391
2454967.94502883 0.203544 0.000402
2454967.96546341 0.243480 0.000414
2454967.98589790 0.274373 0.000424
2454968.00633258 0.272025 0.000423
2454968.02676716 0.168217 0.000392
2454968.04720164 -0.124181 0.000319
2454968.06763622 -0.318417 0.000279
2454968.08807090 -0.491572 0.000248
2454968.10850539 -0.501999 0.000247
2454968.12893997 -0.449151 0.000256
2454968.14937465 -0.391717 0.000266
2454968.16980923 -0.340269 0.000275
2454968.19024371 -0.292017 0.000284
2454968.21067829 -0.246237 0.000293
2454968.23111298 -0.202599 0.000302
2454968.25154746 -0.161002 0.000311
2454968.27198204 -0.122196 0.000319
2454968.29241652 -0.086862 0.000327
2454968.31285120 -0.052939 0.000335
2454968.33328578 -0.024697 0.000341
2454968.35372026 0.000739 0.000348
2454968.37415494 0.022909 0.000353
2454968.39458953 0.044606 0.000359
2454968.41502411 0.066585 0.000364
2454968.43545859 0.090152 0.000371
2454968.45589327 0.112017 0.000376
2454968.47632785 0.121513 0.000379
2454968.49676233 0.124675 0.000380
2454968.51719701 0.131424 0.000382
2454968.53763159 0.153839 0.000388
2454968.55806607 0.190093 0.000398
2454968.57850065 0.228656 0.000410
2454968.59893533 0.267532 0.000421
2454968.61936981 0.282901 0.000427
2454968.63980439 0.231459 0.000410
2454968.66023907 -0.001428 0.000347
2454968.68067365 -0.255884 0.000291
2454968.70110813 -0.452351 0.000255
2454968.72154271 -0.517787 0.000244
2454968.74197739 -0.473043 0.000252
2454968.76241187 -0.414170 0.000261
2454968.78284645 -0.359261 0.000271
2454968.80328113 -0.309789 0.000280
2454968.82371561 -0.263522 0.000290
2454968.84415019 -0.219413 0.000298
2454968.86458477 -0.177078 0.000307
2454968.88501935 -0.136298 0.000316
2454968.90545393 -0.098723 0.000324
2454968.92588851 -0.065226 0.000332
2454968.94632299 -0.034808 0.000339
2454968.96675767 -0.007201 0.000346
2454968.98719225 0.015436 0.000352
2454969.00762673 0.037305 0.000357
2454969.02806141 0.058081 0.000362
2454969.04849599 0.082661 0.000369
2454969.06893047 0.106381 0.000375
2454969.08936505 0.121455 0.000379
2454969.10979973 0.125503 0.000380
2454969.13023431 0.127771 0.000381
2454969.15066878 0.143713 0.000385
2454969.17110346 0.173752 0.000394
2454969.19153804 0.215346 0.000406
2454969.21197252 0.255779 0.000418
2454969.23240710 0.284051 0.000427
2454969.25284178 0.266915 0.000422
2454969.27327626 0.122637 0.000380
2454969.29371084 -0.185610 0.000305
2454969.31414551 -0.384552 0.000267
2454969.33457999 -0.522728 0.000244
2454969.35501457 -0.501418 0.000247
2454969.37544915 -0.442218 0.000257
2454969.39588373 -0.383057 0.000267
2454969.41631831 -0.330680 0.000276
2454969.43675288 -0.282456 0.000286
2454969.45718756 -0.236336 0.000295
2454969.47762204 -0.192006 0.000304
2454969.49805662 -0.149550 0.000313
2454969.51849120 -0.111530 0.000322
2454969.53892577 -0.076225 0.000330
2454969.55936035 -0.044327 0.000337
2454969.57979493 -0.016152 0.000344
2454969.60022951 0.008648 0.000350
2454969.62066409 0.031440 0.000356
2454969.64109866 0.052947 0.000361
2454969.66153324 0.075376 0.000367
2454969.68196782 0.099200 0.000373
2454969.70240240 0.119356 0.000379
2454969.72283697 0.126778 0.000381
2454969.74327145 0.126788 0.000380
2454969.76370613 0.135413 0.000383
2454969.78414070 0.161927 0.000390
2454969.80457518 0.200263 0.000401
2454969.82500986 0.242363 0.000414
2454969.84544444 0.277891 0.000425
2454969.86587901 0.286215 0.000428
2454969.88631349 0.207465 0.000404
2454969.90674817 -0.076219 0.000330
2454969.92718274 -0.308395 0.000281
2454969.94761722 -0.501522 0.000247
2454969.96805190 -0.524101 0.000243
2454969.98848647 -0.468628 0.000252
2454970.00892095 -0.407307 0.000263
2454970.02935553 -0.351820 0.000273
2454970.04979020 -0.301325 0.000282
2454970.07022468 -0.253918 0.000291
2454970.09065926 -0.208724 0.000301
2454970.11109393 -0.166396 0.000309
2454970.13152841 -0.125690 0.000318
2454970.15196298 -0.089852 0.000327
2454970.17239756 -0.055870 0.000334
2454970.19283224 -0.025479 0.000342
2454970.21326671 0.000380 0.000348
2454970.23370129 0.023328 0.000353
2454970.25413576 0.045565 0.000359
2454970.27457044 0.068207 0.000365
2454970.29500501 0.092529 0.000371
2454970.31543949 0.115530 0.000378
2454970.33587417 0.128228 0.000381
2454970.35630874 0.128003 0.000381
2454970.39717779 0.151961 0.000387
2454970.41761247 0.186568 0.000397
2454970.43804704 0.227966 0.000410
2454970.45848152 0.267853 0.000422
2454970.47891619 0.290796 0.000429
2454970.49935077 0.256908 0.000419
2454970.51978524 0.058703 0.000362
2454970.54021982 -0.243263 0.000294
2454970.56065449 -0.450923 0.000255
2454970.58108897 -0.539156 0.000241
2454970.60152354 -0.494272 0.000248
2454970.62195822 -0.430637 0.000259
2454970.64239279 -0.373420 0.000269
2454970.66282726 -0.321146 0.000278
2454970.68326184 -0.271471 0.000288
2454970.70369651 -0.225177 0.000297
2454970.72413099 -0.180215 0.000307
2454970.74456556 -0.139100 0.000315
2454970.76500024 -0.101156 0.000324
2454970.78543471 -0.066242 0.000332
2454970.80586928 -0.036152 0.000339
2454970.82630376 -0.008013 0.000346
2454970.84673843 0.015479 0.000352
2454970.86717301 0.038496 0.000357
2454970.88760758 0.059616 0.000363
2454970.90804205 0.084165 0.000369
2454970.92847673 0.107712 0.000376
2454970.94891130 0.126014 0.000381
2454970.96934577 0.129998 0.000382
2454970.98978045 0.129679 0.000382
2454971.01021502 0.142234 0.000385
2454971.03064949 0.173106 0.000394
2454971.05108407 0.213338 0.000405
2454971.07151874 0.254453 0.000418
2454971.09195331 0.286341 0.000428
2454971.11238779 0.283612 0.000427
2454971.13282246 0.168549 0.000393
2454971.15325703 -0.154402 0.000312
2454971.17369151 -0.376959 0.000268
2454971.19412608 -0.535745 0.000242
2454971.21456075 -0.520551 0.000244
2454971.23499532 -0.458738 0.000254
2454971.25542980 -0.395706 0.000265
2454971.27586447 -0.340048 0.000275
2454971.29629904 -0.289351 0.000285
2454971.31673351 -0.241963 0.000294
2454971.33716809 -0.197195 0.000303
2454971.35760276 -0.154556 0.000312
2454971.37803733 -0.115664 0.000321
2454971.39847180 -0.079997 0.000329
2454971.41890648 -0.048231 0.000336
2454971.43934105 -0.017992 0.000343
2454971.45977552 0.005888 0.000349
2454971.48021009 0.029841 0.000355
2454971.50064476 0.051376 0.000361
2454971.52107923 0.075371 0.000367
2454971.54151381 0.100458 0.000374
2454971.56194838 0.120746 0.000379
2454971.58238295 0.128668 0.000381
2454971.60281752 0.128018 0.000381
2454971.62325209 0.134376 0.000383
2454971.64368666 0.159821 0.000390
2454971.66412123 0.197114 0.000401
2454971.68455581 0.241000 0.000414
2454971.70499028 0.280039 0.000426
2454971.72542495 0.296259 0.000431
2454971.74585952 0.238164 0.000413
2454971.76629399 -0.022011 0.000343
2454971.78672866 -0.298182 0.000283
2454971.80716323 -0.504683 0.000246
2454971.82759770 -0.541918 0.000241
2454971.84803227 -0.485218 0.000250
2454971.86846694 -0.420414 0.000261
2454971.88890151 -0.362410 0.000271
2454971.90933598 -0.309291 0.000281
2454971.92977065 -0.261033 0.000290
2454971.95020522 -0.212947 0.000300
2454971.97063969 -0.169275 0.000309
2454971.99107426 -0.128810 0.000318
2454972.01150893 -0.091671 0.000326
2454972.03194340 -0.058728 0.000334
2454972.05237797 -0.028800 0.000341
2454972.07281264 -0.002100 0.000347
2454972.09324711 0.022433 0.000353
2454972.11368168 0.041087 0.000358
2454972.13411625 0.066807 0.000365
2454972.15455082 0.092459 0.000372
2454972.17498539 0.115825 0.000378
2454972.19541996 0.130685 0.000382
2454972.21585443 0.131782 0.000382
2454972.23628910 0.132787 0.000382
2454972.25672367 0.151124 0.000387
2454972.27715814 0.184169 0.000397
2454972.29759281 0.226233 0.000409
2454972.31802738 0.266850 0.000422
2454972.33846194 0.296085 0.000431
2454972.35889641 0.277632 0.000425
2454972.37933108 0.113324 0.000377
2454972.39976565 -0.221780 0.000298
2454972.42020012 -0.444401 0.000257
2454972.44063479 -0.554277 0.000239
2454972.46106936 -0.514246 0.000245
2454972.48150382 -0.447538 0.000256
2454972.50193839 -0.385278 0.000267
2454972.52237306 -0.329701 0.000277
2454972.54280753 -0.278622 0.000286
2454972.56324210 -0.231120 0.000296
2454972.58367676 -0.185550 0.000305
2454972.60411123 -0.143071 0.000314
2454972.62454580 -0.104586 0.000323
2454972.64498037 -0.070593 0.000331
2454972.66541504 -0.040060 0.000338
2454972.68584950 -0.011048 0.000345
2454972.70628407 0.013308 0.000351
2454972.72671864 0.036482 0.000357
2454972.74715321 0.058471 0.000362
2454972.76758777 0.083219 0.000369
2454972.78802234 0.108159 0.000375
2454972.80845691 0.126961 0.000380
2454972.82889147 0.131591 0.000382
2454972.84932604 0.130262 0.000381
2454972.86976061 0.140332 0.000384
2454972.89019518 0.170062 0.000393
2454972.91062974 0.210409 0.000404
2454972.93106431 0.253453 0.000417
2454972.95149898 0.290613 0.000429
2454972.97193344 0.297291 0.000431
2454972.99236801 0.207274 0.000404
2454973.01280247 -0.110391 0.000322
2454973.03323714 -0.361040 0.000271
2454973.05367171 -0.541567 0.000241
2454973.07410627 -0.535870 0.000241
2454973.09454084 -0.473250 0.000251
2454973.11497541 -0.409017 0.000263
2454973.13540997 -0.350534 0.000273
2454973.15584444 -0.297796 0.000283
2454973.17627910 -0.247741 0.000293
2454973.19671367 -0.201365 0.000302
2454973.21714813 -0.157568 0.000311
2454973.23758280 -0.118228 0.000320
2454973.25801737 -0.082011 0.000328
2454973.27845183 -0.049374 0.000336
2454973.29888640 -0.021258 0.000342
2454973.31932106 0.004332 0.000348
2454973.33975553 0.028088 0.000354
2454973.38062466 0.073878 0.000367
2454973.40105932 0.099283 0.000373
2454973.42149379 0.122901 0.000379
2454973.44192835 0.133243 0.000382
2454973.46236302 0.130739 0.000381
2454973.48279748 0.134449 0.000382
2454973.50323204 0.156529 0.000389
2454973.52366651 0.194044 0.000400
2454973.54410117 0.237188 0.000413
2454973.56453574 0.277218 0.000425
2454973.58497030 0.300549 0.000432
2454973.60540487 0.262498 0.000420
2454973.62583943 0.033763 0.000356
2454973.64627399 -0.285620 0.000285
2454973.66670846 -0.502241 0.000246
2454973.68714312 -0.558414 0.000238
2454973.70757769 -0.501404 0.000247
2454973.72801215 -0.434419 0.000258
2454973.74844681 -0.373833 0.000268
2454973.76888138 -0.319056 0.000279
2454973.78931584 -0.268079 0.000289
2454973.80975040 -0.220233 0.000298
2454973.83018507 -0.174063 0.000307
2454973.85061963 -0.132040 0.000317
2454973.87105409 -0.095588 0.000325
2454973.89148866 -0.062392 0.000333
2454973.91192332 -0.031732 0.000340
2454973.93235778 -0.004341 0.000347
2454973.95279234 0.019218 0.000352
2454973.97322701 0.041870 0.000358
2454973.99366147 0.066116 0.000365
2454974.01409603 0.092145 0.000371
2454974.03453059 0.116857 0.000378
2454974.05496516 0.133877 0.000383
2454974.07539972 0.133375 0.000383
2454974.09583428 0.132729 0.000382
2454974.11626884 0.146199 0.000386
2454974.13670340 0.178973 0.000395
2454974.15713797 0.221258 0.000408
2454974.17757243 0.265921 0.000421
2454974.19800709 0.298577 0.000432
2454974.21844165 0.290142 0.000429
2454974.23887611 0.156672 0.000389
2454974.25931077 -0.195680 0.000303
2454974.27974534 -0.432785 0.000259
2454974.30017980 -0.564390 0.000237
2454974.32061436 -0.529960 0.000242
2454974.34104902 -0.461796 0.000254
2454974.36148358 -0.397376 0.000265
2454974.38191804 -0.338827 0.000275
2454974.40235260 -0.285484 0.000285
2454974.42278726 -0.236265 0.000295
2454974.44322182 -0.189718 0.000305
2454974.46365629 -0.146173 0.000314
2454974.48409095 -0.107755 0.000322
2454974.50452551 -0.072629 0.000331
2454974.52495997 -0.041451 0.000338
2454974.54539453 -0.013193 0.000344
2454974.56582909 0.011489 0.000350
2454974.58626375 0.034525 0.000356
2454974.60669821 0.057344 0.000362
2454974.62713287 0.082259 0.000369
2454974.64756743 0.108403 0.000376
2454974.66800189 0.129109 0.000381
2454974.68843645 0.133832 0.000383
2454974.70887111 0.131053 0.000382
2454974.72930557 0.139672 0.000384
2454974.74974013 0.165859 0.000392
2454974.77017479 0.205490 0.000403
2454974.79060924 0.249669 0.000416
2454974.81104380 0.289066 0.000429
2454974.83147836 0.303973 0.000433
2454974.85191292 0.234376 0.000412
2454974.87234748 -0.062506 0.000333
2454974.89278204 -0.344056 0.000274
2454974.91321670 -0.540785 0.000241
2454974.93365116 -0.551839 0.000239
2454974.95408572 -0.489089 0.000249
2454974.97452017 -0.422207 0.000260
2454974.99495483 -0.362076 0.000271
2454975.01538939 -0.306890 0.000281
2454975.03582385 -0.255495 0.000291
2454975.05625841 -0.207314 0.000301
2454975.07669307 -0.160851 0.000311
2454975.09712762 -0.121025 0.000319
2454975.11756208 -0.084438 0.000328
2454975.13799674 -0.051819 0.000335
2454975.15843130 -0.022903 0.000342
2454975.17886575 0.003529 0.000349
2454975.19930031 0.026214 0.000354
2454975.21973497 0.050375 0.000360
2454975.24016943 0.074103 0.000367
2454975.26060398 0.100349 0.000374
2454975.28103864 0.123200 0.000380
2454975.30147310 0.134618 0.000383
2454975.32190766 0.132857 0.000382
2454975.34234221 0.135009 0.000383
2454975.36277687 0.154438 0.000388
2454975.38321133 0.190420 0.000398
2454975.40364588 0.233604 0.000411
2454975.42408054 0.278183 0.000425
2454975.44451500 0.304823 0.000433
2454975.46494955 0.277743 0.000425
2454975.48538401 0.084347 0.000369
2454975.50581867 -0.265318 0.000289
2454975.52625322 -0.487732 0.000249
2454975.54668778 -0.566238 0.000237
2454975.56712223 -0.514108 0.000245
2454975.58755689 -0.445395 0.000256
2454975.60799144 -0.381906 0.000267
2454975.62842590 -0.326117 0.000277
2454975.64886056 -0.273726 0.000288
2454975.66929511 -0.224786 0.000297
2454975.68972957 -0.178075 0.000307
2454975.71016412 -0.135747 0.000316
2454975.73059878 -0.097984 0.000324
2454975.75103323 -0.065072 0.000332
2454975.77146779 -0.034862 0.000339
2454975.79190244 -0.006255 0.000346
2454975.81233690 0.018151 0.000352
2454975.83277145 0.040321 0.000358
2454975.85320601 0.065544 0.000364
2454975.87364066 0.091270 0.000371
2454975.89407512 0.116112 0.000378
2454975.91450967 0.132741 0.000382
2454975.93494433 0.133469 0.000383
2454975.95537878 0.132037 0.000382
2454975.97581333 0.145467 0.000386
2454975.99624779 0.176617 0.000395
2454976.01668244 0.219797 0.000407
2454976.03711700 0.263232 0.000420
2454976.05755155 0.297801 0.000432
2454976.07798610 0.298201 0.000432
2454976.09842066 0.188228 0.000398
2454976.11885521 -0.157984 0.000312
2454976.13928976 -0.408251 0.000263
2454976.15972432 -0.563430 0.000237
2454976.18015887 -0.538446 0.000241
2454976.20059332 -0.470569 0.000252
2454976.22102788 -0.404329 0.000263
2454976.24146253 -0.345690 0.000274
2454976.26189708 -0.292227 0.000284
2454976.28233163 -0.241916 0.000294
2454976.30276619 -0.193890 0.000304
2454976.32320074 -0.150100 0.000313
2454976.36406974 -0.076357 0.000330
2454976.38450440 -0.044813 0.000337
2454976.40493895 -0.016492 0.000344
2454976.42537340 0.008562 0.000350
2454976.44580805 0.032157 0.000356
2454976.46624261 0.055558 0.000362
2454976.48667706 0.080221 0.000368
2454976.50711161 0.107751 0.000376
2454976.52754626 0.127569 0.000381
2454976.54798081 0.134071 0.000383
2454976.56841526 0.130156 0.000382
2454976.58884992 0.136975 0.000383
2454976.60928447 0.162374 0.000391
2454976.62971892 0.201452 0.000402
2454976.65015347 0.245937 0.000415
2454976.67058812 0.286135 0.000428
2454976.69102257 0.305981 0.000434
2454976.71145712 0.252309 0.000417
2454976.73189167 -0.014595 0.000344
2454976.75232622 -0.323833 0.000278
2454976.77276077 -0.529552 0.000243
2454976.79319532 -0.556741 0.000238
2454976.81362987 -0.495452 0.000248
2454976.83406442 -0.428875 0.000259
2454976.85449897 -0.367763 0.000270
2454976.87493342 -0.312092 0.000280
2454976.89536807 -0.259704 0.000291
2454976.91580262 -0.211537 0.000300
2454976.93623707 -0.166226 0.000310
2454976.95667172 -0.125491 0.000319
2454976.97710627 -0.088204 0.000327
2454976.99754072 -0.056048 0.000335
2454977.01797527 -0.026435 0.000341
2454977.03840992 -0.000532 0.000348
2454977.05884447 0.023374 0.000354
2454977.07927892 0.045538 0.000359
2454977.09971357 0.070382 0.000366
2454977.12014812 0.097019 0.000373
2454977.14058257 0.121952 0.000379
2454977.16101711 0.134586 0.000383
2454977.18145176 0.132409 0.000382
2454977.20188621 0.133895 0.000383
2454977.22232076 0.150993 0.000388
2454977.24275541 0.185056 0.000397
2454977.26318986 0.228030 0.000410
2454977.28362440 0.270582 0.000423
2454977.30405895 0.301449 0.000433
2454977.32449350 0.285256 0.000427
2454977.34492805 0.121112 0.000379
2454977.36536259 -0.236937 0.000295
2454977.38579704 -0.462398 0.000254
2454977.40623169 -0.562865 0.000237
2454977.42666624 -0.519910 0.000244
2454977.44710068 -0.453027 0.000255
2454977.46753533 -0.390040 0.000266
2454977.48796988 -0.332096 0.000277
2454977.50840433 -0.279029 0.000287
2454977.52883887 -0.228298 0.000297
2454977.54927352 -0.182729 0.000306
2454977.56970807 -0.139869 0.000316
2454977.59014251 -0.101842 0.000324
2454977.61057716 -0.068136 0.000332
2454977.63101171 -0.037461 0.000339
2454977.65144615 -0.010574 0.000345
2454977.67188070 0.013971 0.000352
2454977.69231534 0.037157 0.000357
2454977.71274979 0.060858 0.000363
2454977.73318434 0.088172 0.000370
2454977.75361898 0.114684 0.000377
2454977.77405343 0.133250 0.000383
2454977.79448797 0.133823 0.000383
2454977.81492252 0.130763 0.000382
2454977.83535716 0.141821 0.000385
2454977.85579161 0.171477 0.000394
2454977.87622615 0.211518 0.000405
2454977.89666070 0.256690 0.000419
2454977.91709524 0.293526 0.000430
2454977.93752979 0.300473 0.000432
2454977.95796433 0.211512 0.000405
2454977.97839898 -0.115337 0.000321
2454977.99883342 -0.379621 0.000268
2454978.01926797 -0.552092 0.000239
2454978.03970251 -0.543745 0.000240
2454978.06013706 -0.477352 0.000251
2454978.08057160 -0.411628 0.000262
2454978.10100614 -0.352305 0.000272
2454978.12144079 -0.298253 0.000283
2454978.14187523 -0.247630 0.000293
2454978.16230978 -0.199469 0.000303
2454978.18274422 -0.154647 0.000312
2454978.20317886 -0.114035 0.000321
2454978.22361341 -0.079931 0.000328
2454978.24404785 -0.047009 0.000336
2454978.26448249 -0.018360 0.000343
2454978.28491704 0.006907 0.000349
2454978.30535158 0.030621 0.000355
2454978.32578602 0.054134 0.000361
2454978.34622066 0.078717 0.000367
2454978.36665521 0.105099 0.000374
2454978.38708965 0.127422 0.000381
2454978.40752429 0.134132 0.000383
2454978.42795883 0.130012 0.000381
2454978.44839328 0.133677 0.000382
2454978.46882782 0.156699 0.000389
2454978.48926246 0.195366 0.000400
2454978.50969690 0.239311 0.000413
2454978.53013145 0.281154 0.000426
2454978.55056599 0.304711 0.000433
2454978.57100063 0.261682 0.000419
2454978.59143507 0.028906 0.000355
2454978.61186961 -0.296002 0.000283
2454978.63230425 -0.504480 0.000246
2454978.65273869 -0.554453 0.000238
2454978.67317324 -0.500872 0.000247
2454978.69360768 -0.435254 0.000258
2454978.71404232 -0.374132 0.000268
2454978.73447686 -0.317977 0.000279
2454978.75491140 -0.264649 0.000289
2454978.77534594 -0.215016 0.000299
2454978.79578048 -0.168933 0.000309
2454978.81621502 -0.126947 0.000318
2454978.83664946 -0.090042 0.000326
2454978.85708410 -0.058025 0.000334
2454978.87751864 -0.029251 0.000341
2454978.89795308 -0.003205 0.000347
2454978.91838772 0.020318 0.000353
2454978.93882226 0.042670 0.000358
2454978.95925670 0.065973 0.000365
2454978.97969124 0.093270 0.000371
2454979.00012588 0.118973 0.000378
2454979.02056042 0.131798 0.000382
2454979.04099486 0.129695 0.000381
2454979.06142950 0.129136 0.000381
2454979.08186404 0.146086 0.000386
2454979.10229847 0.180195 0.000396
2454979.12273301 0.222253 0.000408
2454979.14316765 0.266078 0.000421
2454979.16360209 0.298557 0.000431
2454979.18403663 0.289144 0.000429
2454979.20447117 0.149687 0.000387
2454979.22490571 -0.200778 0.000302
2454979.24534024 -0.428467 0.000259
2454979.26577478 -0.553253 0.000239
2454979.28620932 -0.521991 0.000244
2454979.30664386 -0.457311 0.000254
2454979.34751283 -0.336873 0.000276
2454979.36794747 -0.282836 0.000286
2454979.38838201 -0.232571 0.000296
2454979.40881644 -0.185688 0.000306
2454979.42925108 -0.142258 0.000315
2454979.44968562 -0.103881 0.000323
2454979.47012006 -0.069287 0.000331
2454979.49055469 -0.039736 0.000338
2454979.51098923 -0.012536 0.000345
2454979.53142377 0.012214 0.000351
2454979.55185820 0.033926 0.000356
2454979.57229284 0.057079 0.000362
2454979.59272738 0.082987 0.000369
2454979.61316191 0.109552 0.000376
2454979.63359635 0.128835 0.000381
2454979.65403098 0.131717 0.000382
2454979.67446552 0.126684 0.000381
2454979.69489996 0.137027 0.000384
2454979.71533459 0.165227 0.000392
2454979.73576913 0.205672 0.000403
2454979.75620366 0.250671 0.000417
2454979.77663810 0.288601 0.000429
2454979.79707273 0.300661 0.000432
2454979.81750727 0.224209 0.000409
2454979.83794170 -0.077287 0.000329
2454979.85837624 -0.344454 0.000274
2454979.87881087 -0.529138 0.000243
2454979.89924531 -0.538448 0.000241
2454979.91967984 -0.479792 0.000251
2454979.94011448 -0.415936 0.000261
2454979.96054891 -0.356052 0.000272
2454979.98098344 -0.301162 0.000282
2454980.00141798 -0.248819 0.000292
2454980.02185251 -0.201502 0.000302
2454980.04228705 -0.157456 0.000311
2454980.06272158 -0.117571 0.000321
2454980.08315621 -0.081733 0.000328
2454980.10359065 -0.050734 0.000336
2454980.12402518 -0.021926 0.000342
2454980.14445961 0.002481 0.000348
2454980.16489425 0.024815 0.000354
2454980.18532878 0.048119 0.000360
2454980.20576321 0.072099 0.000366
2454980.22619784 0.099036 0.000373
2454980.24663238 0.123655 0.000380
2454980.26706691 0.132791 0.000382
2454980.28750134 0.127109 0.000380
2454980.30793598 0.129713 0.000381
2454980.32837051 0.153410 0.000388
2454980.34880494 0.188806 0.000398
2454980.36923947 0.233696 0.000411
2454980.38967410 0.274767 0.000424
2454980.41010854 0.299953 0.000432
2454980.43054307 0.265508 0.000421
2454980.45097770 0.062332 0.000363
2454980.47141213 -0.264846 0.000289
2454980.49184666 -0.472138 0.000252
2454980.51228119 -0.545472 0.000240
2454980.53271582 -0.501607 0.000247
2454980.55315025 -0.438067 0.000257
2454980.57358479 -0.376475 0.000268
2454980.59401942 -0.319958 0.000278
2454980.61445385 -0.266649 0.000289
2454980.63488838 -0.217412 0.000298
2454980.65532281 -0.172152 0.000308
2454980.67575744 -0.130731 0.000317
2454980.69619197 -0.094202 0.000325
2454980.71662640 -0.061130 0.000333
2454980.73706103 -0.031855 0.000340
2454980.75749556 -0.005605 0.000346
2454980.77793009 0.016847 0.000351
2454980.79836452 0.039424 0.000357
2454980.81879915 0.062382 0.000363
2454980.83923368 0.089506 0.000371
2454980.85966811 0.115530 0.000377
2454980.88010263 0.131508 0.000382
2454980.92097169 0.126795 0.000381
2454980.94140622 0.141202 0.000385
2454980.96184085 0.173045 0.000393
2454980.98227528 0.215901 0.000405
2454981.00270981 0.259157 0.000419
2454981.02314434 0.292751 0.000430
2454981.04357896 0.288368 0.000428
2454981.06401339 0.167288 0.000392
2454981.08444792 -0.163247 0.000310
2454981.10488255 -0.387870 0.000266
2454981.12531698 -0.535052 0.000241
2454981.14575150 -0.519045 0.000243
2454981.16618603 -0.460384 0.000253
2454981.18662056 -0.397933 0.000264
2454981.20705509 -0.341071 0.000275
2454981.22748961 -0.286468 0.000285
2454981.24792424 -0.235554 0.000295
2454981.26835867 -0.188290 0.000305
2454981.28879319 -0.146762 0.000314
2454981.30922772 -0.108221 0.000322
2454981.32966225 -0.073522 0.000330
2454981.35009677 -0.042180 0.000337
2454981.37053130 -0.015189 0.000344
2454981.39096573 0.009591 0.000350
2454981.41140035 0.031188 0.000355
2454981.43183488 0.053476 0.000361
2454981.45226940 0.078222 0.000368
2454981.47270393 0.105276 0.000374
2454981.49313846 0.127134 0.000381
2454981.51357298 0.131183 0.000382
2454981.53400741 0.125824 0.000380
2454981.55444203 0.133451 0.000382
2454981.57487656 0.160080 0.000390
2454981.59531098 0.199164 0.000401
2454981.61574561 0.242704 0.000414
2454981.63618013 0.280683 0.000426
2454981.65661456 0.295075 0.000430
2454981.67704908 0.230820 0.000411
2454981.69748370 -0.039152 0.000338
2454981.71791813 -0.306153 0.000281
2454981.73835265 -0.492985 0.000249
2454981.75878728 -0.526893 0.000243
2454981.77922180 -0.477923 0.000251
2454981.79965622 -0.418838 0.000261
2454981.82009075 -0.359853 0.000271
2454981.84052537 -0.305047 0.000281
2454981.86095980 -0.253052 0.000292
2454981.88139432 -0.205829 0.000301
2454981.90182894 -0.160724 0.000311
2454981.92226337 -0.121975 0.000319
2454981.94269789 -0.086726 0.000327
2454981.96313241 -0.054818 0.000335
2454981.98356693 -0.025508 0.000342
2454982.00400146 -0.000380 0.000348
2454982.02443598 0.021875 0.000353
2454982.04487040 0.043555 0.000359
2454982.06530502 0.067200 0.000365
2454982.08573955 0.093617 0.000372
2454982.10617397 0.119195 0.000378
2454982.12660859 0.130116 0.000381
2454982.14704311 0.126332 0.000380
2454982.16747753 0.127799 0.000381
2454982.18791205 0.147576 0.000386
2454982.20834668 0.181444 0.000396
2454982.22878120 0.222731 0.000408
2454982.24921562 0.265860 0.000421
2454982.26965024 0.294008 0.000430
2454982.29008476 0.266821 0.000422
2454982.33095370 -0.230210 0.000296
2454982.35138832 -0.430415 0.000259
2454982.37182274 -0.528355 0.000243
2454982.39225726 -0.495681 0.000248
2454982.41269188 -0.436710 0.000258
2454982.43312630 -0.376853 0.000268
2454982.45356082 -0.322732 0.000278
2454982.47399534 -0.269745 0.000289
2454982.49442986 -0.222242 0.000298
2454982.51486438 -0.176847 0.000307
2454982.53529890 -0.135987 0.000316
2454982.55573352 -0.098835 0.000324
2454982.57616794 -0.066129 0.000332
2454982.59660246 -0.036801 0.000339
2454982.61703688 -0.010205 0.000345
2454982.63747150 0.013593 0.000351
2454982.65790601 0.034817 0.000357
2454982.67834043 0.057753 0.000362
2454982.69877495 0.082185 0.000369
2454982.71920957 0.108041 0.000375
2454982.73964409 0.125134 0.000380
2454982.76007851 0.126030 0.000380
2454982.78051312 0.122921 0.000380
2454982.80094764 0.137730 0.000383
2454982.82138206 0.168187 0.000392
2454982.84181658 0.208770 0.000404
2454982.86225119 0.251815 0.000417
2454982.88268571 0.285277 0.000428
2454982.90312013 0.284369 0.000427
2454982.92355475 0.179340 0.000395
2454982.94398926 -0.127644 0.000318
2454982.96442378 -0.345782 0.000274
2454982.98485820 -0.505016 0.000246
2454983.00529281 -0.509467 0.000246
2454983.02572733 -0.455228 0.000255
2454983.04616175 -0.396633 0.000265
2454983.06659636 -0.340895 0.000275
2454983.08703088 -0.288960 0.000284
2454983.10746529 -0.239514 0.000294
2454983.12789981 -0.193913 0.000304
2454983.14833442 -0.150983 0.000313
2454983.16876884 -0.113068 0.000321
2454983.18920336 -0.078749 0.000329
2454983.20963797 -0.047720 0.000336
2454983.23007239 -0.020676 0.000343
2454983.25050690 0.004239 0.000349
2454983.27094142 0.027045 0.000355
2454983.29137603 0.048250 0.000360
2454983.31181045 0.072570 0.000366
2454983.33224496 0.098510 0.000373
2454983.35267937 0.121173 0.000379
2454983.37311399 0.128932 0.000381
2454983.39354850 0.124744 0.000380
2454983.41398292 0.130027 0.000381
2454983.43441753 0.155290 0.000388
2454983.45485204 0.191322 0.000399
2454983.47528656 0.232642 0.000411
2454983.49572097 0.271728 0.000423
2454983.51615558 0.288194 0.000428
2454983.53659010 0.231600 0.000411
2454983.55702451 -0.008923 0.000345
2454983.57745912 -0.277131 0.000287
2454983.59789364 -0.464292 0.000253
2454983.61832805 -0.519175 0.000244
2454983.63876256 -0.474888 0.000251
2454983.65919717 -0.415677 0.000261
2454983.67963159 -0.360013 0.000271
2454983.70006610 -0.307111 0.000281
2454983.72050071 -0.257220 0.000291
2454983.74093522 -0.210178 0.000300
2454983.76136963 -0.166064 0.000310
2454983.78180415 -0.125874 0.000318
2454983.80223876 -0.090438 0.000326
2454983.82267317 -0.057834 0.000334
2454983.84310768 -0.030018 0.000340
2454983.86354229 -0.004576 0.000347
2454983.88397670 0.018470 0.000352
2454983.90441121 0.039538 0.000358
2454983.92484572 0.061363 0.000363
2454983.94528023 0.086292 0.000370
2454983.96571474 0.111282 0.000376
2454983.98614925 0.125493 0.000380
2454984.00658367 0.123936 0.000379
2454984.02701828 0.125810 0.000380
2454984.04745279 0.144071 0.000385
2454984.06788719 0.176242 0.000394
2454984.08832180 0.216809 0.000406
2454984.10875631 0.256639 0.000418
2454984.12919072 0.283804 0.000427
2454984.14962523 0.262474 0.000420
2454984.17005984 0.107386 0.000375
2454984.19049425 -0.197597 0.000303
2454984.21092876 -0.386960 0.000266
2454984.23136337 -0.506366 0.000246
2454984.25179788 -0.486099 0.000249
2454984.27223229 -0.431205 0.000259
2454984.29266679 -0.375220 0.000269
2454984.31310140 -0.322344 0.000278
2454984.33353581 -0.273215 0.000287
2454984.35397032 -0.226137 0.000297
2454984.37440493 -0.182088 0.000306
2454984.39483933 -0.141359 0.000315
2454984.41527384 -0.104338 0.000323
2454984.43570835 -0.071798 0.000330
2454984.45614286 -0.040115 0.000338
2454984.47657736 -0.013849 0.000344
2454984.49701187 0.010040 0.000350
2454984.51744638 0.031513 0.000355
2454984.53788088 0.053041 0.000360
2454984.55831539 0.076480 0.000366
2454984.57874990 0.101481 0.000374
2454984.59918450 0.121280 0.000378
2454984.61961891 0.124988 0.000380
2454984.64005342 0.123428 0.000379
2454984.68092243 0.162127 0.000390
2454984.70135693 0.198500 0.000401
2454984.72179144 0.241150 0.000414
2454984.74222594 0.274597 0.000424
2454984.76266045 0.277388 0.000425
2454984.78309495 0.186781 0.000398
2454984.80352936 -0.098037 0.000324
2454984.82396396 -0.307965 0.000281
2454984.84439847 -0.476104 0.000251
2454984.86483287 -0.499308 0.000247
2454984.88526748 -0.452192 0.000255
2454984.90570198 -0.395519 0.000265
2454984.92613639 -0.342108 0.000275
2454984.94657089 -0.291144 0.000284
2454984.96700549 -0.243046 0.000293
2454984.98744000 -0.197688 0.000303
2454985.00787440 -0.155519 0.000312
2454985.02830900 -0.117317 0.000320
2454985.04874351 -0.082956 0.000328
2454985.06917791 -0.051034 0.000335
2454985.08961241 -0.023895 0.000342
2454985.11004702 0.001062 0.000348
2454985.13048142 0.022791 0.000353
2454985.15091592 0.044271 0.000359
2454985.17135043 0.067024 0.000365
2454985.19178493 0.091829 0.000371
2454985.21221943 0.115932 0.000377
2454985.23265393 0.124776 0.000380
2454985.25308853 0.123732 0.000380
2454985.27352294 0.128605 0.000381
2454985.31439184 0.185043 0.000397
2454985.33482644 0.225534 0.000409
2454985.35526094 0.263399 0.000421
2454985.37569534 0.281357 0.000426
2454985.39612994 0.234414 0.000411
2454985.41656445 0.022127 0.000353
2454985.43699895 -0.242097 0.000294
2454985.45743335 -0.423031 0.000260
2454985.47786795 -0.503295 0.000247
2454985.49830245 -0.471301 0.000252
2454985.51873685 -0.415045 0.000261
2454985.53917145 -0.359683 0.000271
2454985.55960595 -0.308697 0.000281
2454985.58004035 -0.259656 0.000290
2454985.60047485 -0.214249 0.000300
2454985.62090945 -0.170653 0.000309
2454985.64134385 -0.132057 0.000317
2454985.68221284 -0.062510 0.000333
2454985.70264734 -0.033404 0.000340
2454985.72308184 -0.006744 0.000346
2454985.74351634 0.015829 0.000351
2454985.76395094 0.037129 0.000356
2454985.78438534 0.058498 0.000362
2454985.80481984 0.082318 0.000368
2454985.82525423 0.106444 0.000375
2454985.84568883 0.122183 0.000379
2454985.86612333 0.121941 0.000379
2454985.88655773 0.123833 0.000380
2454985.90699232 0.139531 0.000384
2454985.92742682 0.170746 0.000392
2454985.94786132 0.210205 0.000404
2454985.96829572 0.249654 0.000416
2454985.98873031 0.278935 0.000426
2454986.00916481 0.263379 0.000421
2454986.02959921 0.127029 0.000380
2454986.05003380 -0.166198 0.000309
2454986.07046830 -0.344734 0.000274
2454986.09090270 -0.484303 0.000250
2454986.11133719 -0.482115 0.000250
2454986.13177179 -0.430459 0.000259
2454986.15220618 -0.375767 0.000268
2454986.17264068 -0.324948 0.000278
2454986.19307518 -0.276185 0.000287
2454986.21350977 -0.230680 0.000296
2454986.23394427 -0.186545 0.000305
2454986.25437866 -0.146058 0.000314
2454986.27481326 -0.108780 0.000322
2454986.29524775 -0.074432 0.000330
2454986.31568215 -0.042450 0.000337
2454986.33611664 -0.015357 0.000344
2454986.35655113 0.008093 0.000350
2454986.37698563 0.030392 0.000355
2454986.39742012 0.050475 0.000360
2454986.41785472 0.073129 0.000366
2454986.43828921 0.097005 0.000372
2454986.45872360 0.117973 0.000378
2454986.47915810 0.124719 0.000380
2454986.49959269 0.122509 0.000379
2454986.52002708 0.131723 0.000382
2454986.54046158 0.156069 0.000389
2454986.56089617 0.192866 0.000399
2454986.58133056 0.233924 0.000411
2454986.60176506 0.268223 0.000422
2454986.62219955 0.275205 0.000424
2454986.64263404 0.196160 0.000400
2454986.66306853 -0.065286 0.000332
2454986.68350303 -0.271804 0.000288
2454986.70393742 -0.444485 0.000256
2454986.72437201 -0.487856 0.000249
2454986.74480650 -0.447962 0.000256
2454986.76524089 -0.394199 0.000265
2454986.78567548 -0.343989 0.000274
2454986.80610998 -0.294389 0.000284
2454986.82654437 -0.248011 0.000293
2454986.84697886 -0.202650 0.000302
2454986.86741345 -0.160692 0.000311
2454986.88784784 -0.122462 0.000319
2454986.90828233 -0.087108 0.000327
2454986.92871692 -0.054423 0.000335
2454986.94915141 -0.025292 0.000342
2454986.96958580 -0.001291 0.000348
2454986.99002029 0.020896 0.000353
2454987.01045488 0.041844 0.000358
2454987.03088927 0.063680 0.000364
2454987.05132376 0.087333 0.000370
2454987.07175835 0.110181 0.000376
2454987.09219274 0.123710 0.000380
2454987.11262723 0.122911 0.000379
2454987.13306172 0.125627 0.000380
2454987.15349620 0.145593 0.000386
2454987.17393069 0.179418 0.000396
2454987.19436518 0.218698 0.000407
2454987.21479967 0.256353 0.000419
2454987.23523416 0.277809 0.000425
2454987.25566865 0.240135 0.000413
2454987.27610303 0.050876 0.000361
2454987.29653762 -0.213291 0.000300
2454987.31697211 -0.383116 0.000267
2454987.33740650 -0.484732 0.000250
2454987.35784098 -0.464119 0.000253
2454987.37827557 -0.411927 0.000262
2454987.39870996 -0.359949 0.000271
2454987.41914445 -0.311057 0.000280
2454987.43957903 -0.264483 0.000289
2454987.46001352 -0.219576 0.000298
2454987.48044791 -0.177368 0.000307
2454987.50088239 -0.137321 0.000316
2454987.52131698 -0.100499 0.000324
2454987.54175136 -0.067145 0.000332
2454987.56218585 -0.036310 0.000339
2454987.58262044 -0.009316 0.000345
2454987.60305482 0.013887 0.000351
2454987.62348931 0.034418 0.000356
2454987.64392379 0.054656 0.000361
2454987.66435828 0.077790 0.000367
2454987.68479276 0.101240 0.000373
2454987.70522725 0.119363 0.000378
2454987.72566183 0.122250 0.000379
2454987.74609622 0.123784 0.000379
2454987.76653070 0.137571 0.000383
2454987.78696518 0.166429 0.000392
2454987.80739967 0.204022 0.000402
2454987.82783415 0.243934 0.000414
2454987.84826854 0.272830 0.000423
2454987.86870312 0.262975 0.000420
2454987.88913760 0.145035 0.000385
2454987.90957209 -0.135974 0.000316
2454987.93000657 -0.308783 0.000280
2454987.95044105 -0.462903 0.000253
2454987.97087554 -0.476492 0.000250
2454987.99131002 -0.430668 0.000258
2454988.01174440 -0.376730 0.000268
2454988.03217898 -0.326364 0.000277
2454988.05261347 -0.279293 0.000286
2454988.07304785 -0.234269 0.000295
2454988.09348243 -0.191047 0.000304
2454988.11391691 -0.151511 0.000312
2454988.13435129 -0.114095 0.000321
2454988.15478577 -0.079786 0.000328
2454988.17522036 -0.048149 0.000336
2454988.19565484 -0.019907 0.000343
2454988.21608922 0.003806 0.000348
2454988.23652370 0.025704 0.000354
2454988.25695828 0.045993 0.000359
2454988.29782714 0.091804 0.000371
2454988.31826172 0.113053 0.000377
2454988.33869610 0.122398 0.000379
2454988.35913058 0.121877 0.000379
2454988.37956506 0.128559 0.000381
2454988.39999954 0.153165 0.000387
2454988.42043402 0.188457 0.000398
2454988.44086850 0.229194 0.000410
2454988.46130308 0.263826 0.000420
2454988.48173746 0.274937 0.000423
2454988.50217194 0.208053 0.000404
2454988.52260632 -0.032044 0.000340
2454988.54304089 -0.245867 0.000293
2454988.58390975 -0.482133 0.000250
2454988.60434433 -0.447388 0.000256
2454988.62477881 -0.395144 0.000265
2454988.64521328 -0.345255 0.000274
2454988.66564766 -0.297217 0.000283
2454988.68608224 -0.251868 0.000292
2454988.70651672 -0.207865 0.000301
2454988.72695109 -0.166645 0.000309
2454988.74738557 -0.128256 0.000318
2454988.76782015 -0.094111 0.000325
2454988.78825453 -0.060745 0.000333
2454988.80868900 -0.030458 0.000341
2454988.82912358 -0.004359 0.000347
2454988.84955795 0.018402 0.000352
2454988.86999243 0.039294 0.000358
2454988.89042691 0.060498 0.000363
2454988.91086148 0.083641 0.000369
2454988.93129586 0.107013 0.000375
2454988.95173033 0.121630 0.000379
2454988.97216491 0.122493 0.000379
2454988.99259928 0.126669 0.000380
2454989.01303376 0.142544 0.000385
2454989.03346813 0.172431 0.000393
2454989.05390271 0.212316 0.000405
2454989.07433718 0.250000 0.000416
2454989.09477166 0.274986 0.000424
2454989.11520613 0.247167 0.000416
2454989.13564061 0.083303 0.000369
2454989.15607508 -0.188421 0.000305
2454989.17650945 -0.353079 0.000273
2454989.19694403 -0.475948 0.000251
2454989.21737850 -0.465024 0.000253
2454989.23781287 -0.414974 0.000262
2454989.25824735 -0.362519 0.000271
2454989.27868192 -0.314236 0.000280
2454989.29911629 -0.267546 0.000289
2454989.31955077 -0.223598 0.000298
2454989.33998534 -0.180612 0.000306
2454989.36041971 -0.141606 0.000315
2454989.38085418 -0.105230 0.000323
2454989.40128866 -0.070861 0.000331
2454989.42172323 -0.040095 0.000338
2454989.44215760 -0.012122 0.000345
2454989.46259207 0.010778 0.000350
2454989.48302664 0.031690 0.000356
2454989.50346101 0.051259 0.000361
2454989.52389549 0.073692 0.000367
2454989.54432996 0.097400 0.000373
2454989.56476443 0.116993 0.000378
2454989.58519890 0.123162 0.000380
2454989.60563337 0.125230 0.000380
2454989.62606784 0.136551 0.000383
2454989.64650231 0.161934 0.000391
2454989.66693678 0.198382 0.000401
2454989.68737125 0.235801 0.000412
2454989.70780572 0.267521 0.000422
2454989.72824019 0.267565 0.000422
2454989.74867466 0.168230 0.000392
2454989.76910903 -0.103575 0.000324
2454989.78954360 -0.279519 0.000286
2454989.80997807 -0.444170 0.000256
2454989.83041253 -0.474179 0.000252
2454989.85084700 -0.430352 0.000259
2454989.87128147 -0.378487 0.000268
2454989.89171594 -0.329686 0.000277
2454989.91215031 -0.283991 0.000285
2454989.93258488 -0.240496 0.000294
2454989.95301934 -0.197739 0.000303
2454989.97345371 -0.158184 0.000311
2454989.99388828 -0.119843 0.000320
2454990.01432275 -0.084949 0.000327
2454990.03475711 -0.052225 0.000335
2454990.05519158 -0.023092 0.000342
2454990.07562615 0.002449 0.000348
2454990.09606051 0.023983 0.000354
2454990.11649498 0.043089 0.000359
2454990.13692955 0.064293 0.000364
2454990.15736401 0.087123 0.000370
2454990.17779838 0.109119 0.000376
2454990.19823284 0.121503 0.000379
2454990.21866741 0.124015 0.000380
2454990.23910178 0.131265 0.000382
2454990.25953624 0.151986 0.000387
2454990.27997071 0.186466 0.000397
2454990.30040517 0.225336 0.000409
2454990.32083964 0.259782 0.000419
2454990.34127410 0.274788 0.000424
2454990.36170857 0.224030 0.000408
2454990.38214303 0.009889 0.000350
2454990.40257750 -0.222585 0.000298
2454990.42301186 -0.392823 0.000265
2454990.44344642 -0.478650 0.000251
2454990.46388089 -0.451108 0.000255
2454990.48431525 -0.398836 0.000264
2454990.50474981 -0.348726 0.000273
2454990.52518428 -0.300992 0.000282
2454990.54561864 -0.255273 0.000291
2454990.56605310 -0.212662 0.000300
2454990.58648767 -0.172113 0.000308
2454990.60692203 -0.134131 0.000317
2454990.62735649 -0.097672 0.000325
2454990.64779105 -0.065244 0.000332
2454990.66822552 -0.033878 0.000340
2454990.68865988 -0.006428 0.000346
2454990.70909434 0.015751 0.000352
2454990.72952890 0.037156 0.000357
2454990.74996326 0.057582 0.000362
2454990.77039773 0.079412 0.000368
2454990.79083229 0.102376 0.000374
2454990.81126665 0.119894 0.000379
2454990.83170111 0.124710 0.000380
2454990.85213557 0.127385 0.000381
2454990.87257003 0.141991 0.000385
2454990.89300449 0.172586 0.000394
2454990.91343895 0.208561 0.000404
2454990.93387331 0.247464 0.000416
2454990.95430787 0.273252 0.000424
2454990.97474233 0.255971 0.000418
2454990.99517669 0.119324 0.000379
2454991.01561125 -0.160157 0.000311
2454991.03604571 -0.324583 0.000278
2454991.05648007 -0.467181 0.000253
2454991.07691453 -0.467449 0.000253
2454991.09734908 -0.418163 0.000261
2454991.11778354 -0.366104 0.000270
2454991.13821790 -0.317640 0.000279
2454991.15865246 -0.272730 0.000288
2454991.17908692 -0.230100 0.000296
2454991.19952128 -0.188155 0.000305
2454991.21995573 -0.149567 0.000313
2454991.24039029 -0.112399 0.000321
2454991.28125911 -0.046017 0.000336
2454991.30169366 -0.016534 0.000344
2454991.32212812 0.007323 0.000349
2454991.34256248 0.029652 0.000355
2454991.36299693 0.050093 0.000360
2454991.38343149 0.071421 0.000366
2454991.40386595 0.095755 0.000372
2454991.42430030 0.114840 0.000377
2454991.44473476 0.124614 0.000380
2454991.46516931 0.126526 0.000380
2454991.48560367 0.136116 0.000383
2454991.50603813 0.158238 0.000389
2454991.52647268 0.193891 0.000400
2454991.54690704 0.232805 0.000411
2454991.56734149 0.265766 0.000421
2454991.58777595 0.270237 0.000423
2454991.60821040 0.191255 0.000399
2454991.62864486 -0.064261 0.000332
2454991.64907931 -0.258176 0.000291
2454991.66951386 -0.432254 0.000258
2454991.68994822 -0.480500 0.000250
2454991.71038267 -0.439535 0.000257
2454991.73081702 -0.385961 0.000267
2454991.75125158 -0.334695 0.000276
2454991.77168603 -0.288323 0.000285
2454991.79212048 -0.244795 0.000293
2454991.81255494 -0.203606 0.000301
2454991.83298939 -0.163593 0.000310
2454991.85342384 -0.124894 0.000319
2454991.87385820 -0.089680 0.000326
2454991.89429275 -0.055340 0.000335
2454991.91472720 -0.026092 0.000342
2454991.93516155 0.000502 0.000348
2454991.95559610 0.022509 0.000353
2454991.97603056 0.042702 0.000359
2454991.99646491 0.064100 0.000364
2454992.01689936 0.086884 0.000370
2454992.03733391 0.110160 0.000376
2454992.05776826 0.123439 0.000380
2454992.07820271 0.126694 0.000381
2454992.09863716 0.129890 0.000381
2454992.11907171 0.149736 0.000387
2454992.13950606 0.181601 0.000396
2454992.15994051 0.220726 0.000408
2454992.18037506 0.257037 0.000418
2454992.20080941 0.277074 0.000424
2454992.22124386 0.240811 0.000413
2454992.24167821 0.055675 0.000362
2454992.26211276 -0.203056 0.000302
2454992.28254721 -0.372779 0.000269
2454992.30298166 -0.482698 0.000250
2454992.32341611 -0.461676 0.000253
2454992.34385056 -0.408769 0.000263
2454992.36428500 -0.356132 0.000272
2454992.38471935 -0.306874 0.000281
2454992.40515390 -0.262433 0.000290
2454992.42558835 -0.219524 0.000298
2454992.44602270 -0.177635 0.000307
2454992.46645724 -0.138008 0.000316
2454992.48689169 -0.102684 0.000324
2454992.50732604 -0.068086 0.000331
2454992.52776048 -0.036314 0.000339
2454992.54819503 -0.008883 0.000345
2454992.56862938 0.014070 0.000351
2454992.58906382 0.035577 0.000356
2454992.60949827 0.056667 0.000362
2454992.62993282 0.078244 0.000368
2454992.65036716 0.102380 0.000374
2454992.67080161 0.118069 0.000378
2454992.69123615 0.125154 0.000380
2454992.71167050 0.128457 0.000381
2454992.73210495 0.141230 0.000384
2454992.75253939 0.169661 0.000393
2454992.77297384 0.206861 0.000403
2454992.79340828 0.245662 0.000415
2454992.81384273 0.274486 0.000423
2454992.83427717 0.266005 0.000421
2454992.85471161 0.153459 0.000388
2454992.87514606 -0.127482 0.000318
2454992.89558040 -0.301289 0.000282
2454992.91601495 -0.465753 0.000252
2454992.93644939 -0.480811 0.000250
2454992.95688383 -0.432117 0.000258
2454992.97731828 -0.377725 0.000268
2454992.99775272 -0.327637 0.000277
2454993.01818716 -0.280621 0.000286
2454993.03862160 -0.235805 0.000295
2454993.05905605 -0.194041 0.000303
2454993.07949049 -0.154933 0.000312
2454993.09992493 -0.116094 0.000320
2454993.12035927 -0.080200 0.000329
2454993.14079382 -0.047109 0.000336
2454993.16122826 -0.017854 0.000343
2454993.18166260 0.007002 0.000349
2454993.20209714 0.029657 0.000355
2454993.22253158 0.048984 0.000360
2454993.24296592 0.071453 0.000366
2454993.26340036 0.094495 0.000372
2454993.28383490 0.115359 0.000378
2454993.30426924 0.126463 0.000380
2454993.32470368 0.129004 0.000381
2454993.34513822 0.135872 0.000383
2454993.36557266 0.157682 0.000389
2454993.38600700 0.191934 0.000399
2454993.40644144 0.231739 0.000410
2454993.42687598 0.266985 0.000421
2454993.44731032 0.279699 0.000425
2454993.46774476 0.220790 0.000407
2454993.48817930 -0.014767 0.000344
2454993.50861364 -0.239766 0.000294
2454993.52904808 -0.421079 0.000260
2454993.54948252 -0.491766 0.000248
2454993.56991695 -0.452975 0.000255
2454993.59035139 -0.397940 0.000265
2454993.61078583 -0.345050 0.000274
2454993.63122017 -0.297636 0.000282
2454993.65165470 -0.252120 0.000292
2454993.67208914 -0.209414 0.000300
2454993.69252348 -0.168778 0.000309
2454993.71295802 -0.129979 0.000318
2454993.73339245 -0.093737 0.000326
2454993.75382679 -0.060557 0.000333
2454993.77426123 -0.028379 0.000341
2454993.79469576 -0.001026 0.000347
2454993.81513020 0.022072 0.000353
2454993.83556453 0.042708 0.000358
2454993.85599907 0.062821 0.000364
2454993.87643351 0.085949 0.000370
2454993.89686784 0.109287 0.000376
2454993.91730228 0.125412 0.000380
2454993.93773681 0.130406 0.000381
2454993.95817115 0.132900 0.000382
2454993.97860558 0.148503 0.000387
2454993.99904012 0.179100 0.000396
2454994.01947445 0.216788 0.000406
2454994.03990888 0.254789 0.000418
2454994.06034332 0.279302 0.000425
2454994.08077775 0.257394 0.000419
2454994.10121218 0.102898 0.000374
2454994.12164662 -0.181179 0.000306
2454994.14208115 -0.360230 0.000271
2454994.16251548 -0.492678 0.000248
2454994.18294992 -0.476995 0.000251
2454994.20338425 -0.420935 0.000261
2454994.22381878 -0.365031 0.000271
2454994.26468765 -0.269514 0.000288
2454994.28512198 -0.226253 0.000297
2454994.30555651 -0.184332 0.000306
2454994.32599094 -0.144345 0.000314
2454994.34642527 -0.106454 0.000323
2454994.36685981 -0.071365 0.000331
2454994.38729424 -0.038488 0.000338
2454994.40772857 -0.010335 0.000345
2454994.42816300 0.013674 0.000351
2454994.44859753 0.034855 0.000357
2454994.46903186 0.055890 0.000362
2454994.48946629 0.078218 0.000368
2454994.50990082 0.101334 0.000374
2454994.53033515 0.121276 0.000379
2454994.55076958 0.130003 0.000382
2454994.57120401 0.131643 0.000382
2454994.59163854 0.140076 0.000384
2454994.61207287 0.166694 0.000392
2454994.63250730 0.204997 0.000403
2454994.65294182 0.244661 0.000415
2454994.67337625 0.275206 0.000424
2454994.69381058 0.278830 0.000425
2454994.71424501 0.189853 0.000399
2454994.73467954 -0.088242 0.000327
2454994.75511387 -0.287852 0.000285
2454994.77554829 -0.469031 0.000252
2454994.79598272 -0.496914 0.000248
2454994.81641715 -0.447507 0.000256
2454994.83685158 -0.389406 0.000266
2454994.85728600 -0.335693 0.000276
2454994.87772053 -0.287316 0.000285
2454994.89815486 -0.242995 0.000294
2454994.91858928 -0.198880 0.000303
2454994.93902361 -0.158806 0.000311
2454994.95945813 -0.119787 0.000320
2454994.97989256 -0.083242 0.000328
2454995.00032699 -0.050479 0.000336
2454995.02076141 -0.020031 0.000343
2454995.04119584 0.006165 0.000350
2454995.06163026 0.028243 0.000355
2454995.08206459 0.050091 0.000361
2454995.10249911 0.071362 0.000366
2454995.12293354 0.095534 0.000373
2454995.14336786 0.117870 0.000378
2454995.16380238 0.129819 0.000382
2454995.18423681 0.131756 0.000382
2454995.20467113 0.137607 0.000384
2454995.22510556 0.157000 0.000389
2454995.24554008 0.190892 0.000399
2454995.26597440 0.229723 0.000410
2454995.28640883 0.267027 0.000422
2454995.30684335 0.286065 0.000427
2454995.32727777 0.244351 0.000414
2454995.34771209 0.038540 0.000358
2454995.36814652 -0.228125 0.000297
2454995.38858104 -0.419800 0.000261
2454995.40901536 -0.509761 0.000246
2454995.42944978 -0.472929 0.000252
2454995.44988410 -0.412734 0.000262
2454995.47031863 -0.356197 0.000272
2454995.49075305 -0.305833 0.000282
2454995.51118687 -0.260533 0.000290
2454995.53162139 -0.215905 0.000299
2454995.55205571 -0.173885 0.000308
2454995.57249013 -0.133733 0.000316
2454995.59292455 -0.096363 0.000325
2454995.61335907 -0.062435 0.000333
2454995.63379339 -0.030609 0.000340
2454995.65422781 -0.002510 0.000347
2454995.67466233 0.022040 0.000353
2454995.69509665 0.042921 0.000358
2454995.71553107 0.064186 0.000364
2454995.73596549 0.085993 0.000370
2454995.75639991 0.109863 0.000376
2454995.77683433 0.127040 0.000381
2454995.79726874 0.132447 0.000382
2454995.81770316 0.134732 0.000383
2454995.83813758 0.148211 0.000386
2454995.85857200 0.176735 0.000395
2454995.87900632 0.217301 0.000407
2454995.89944083 0.256701 0.000418
2454995.91987525 0.283358 0.000427
2454995.94030957 0.276917 0.000424
2454995.96074399 0.150634 0.000387
2454995.98117850 -0.151788 0.000313
2454996.00161282 -0.345508 0.000274
2454996.02204724 -0.501262 0.000247
2454996.04248175 -0.494546 0.000248
2454996.06291617 -0.437111 0.000257
2454996.08335048 -0.378804 0.000268
2454996.10378490 -0.326318 0.000277
2454996.12421942 -0.278709 0.000287
2454996.14465373 -0.234160 0.000295
2454996.16508815 -0.190404 0.000304
2454996.18552266 -0.148632 0.000313
2454996.20595698 -0.110633 0.000322
2454996.22639139 -0.075229 0.000329
2454996.24682580 -0.043170 0.000337
2454996.26726022 -0.012992 0.000344
2454996.28769463 0.013124 0.000351
2454996.30812905 0.035524 0.000357
2454996.32856356 0.057115 0.000362
2454996.34899787 0.079270 0.000368
2454996.36943229 0.102929 0.000374
2454996.38986660 0.123289 0.000380
2454996.41030111 0.132895 0.000382
2454996.43073553 0.134472 0.000382
2454996.45116984 0.141646 0.000384
2454996.47160435 0.164908 0.000390
2454996.49203876 0.201284 0.000401
2454996.51247317 0.242076 0.000414
2454996.53290749 0.277843 0.000425
2454996.55334200 0.289336 0.000428
2454996.57377641 0.223967 0.000408
2454996.59421072 -0.036685 0.000338
2454996.61464513 -0.275561 0.000287
2454996.63507964 -0.470098 0.000252
2454996.65551395 -0.514197 0.000245
2454996.67594836 -0.463894 0.000253
2454996.69638287 -0.403464 0.000263
2454996.71681718 -0.347948 0.000273
2454996.73725159 -0.298752 0.000282
2454996.75768600 -0.251497 0.000291
2454996.77812041 -0.207013 0.000301
2454996.79855482 -0.163353 0.000310
2454996.81898923 -0.122548 0.000318
2454996.83942374 -0.087053 0.000327
2454996.85985805 -0.052749 0.000334
2454996.88029246 -0.022338 0.000342
2454996.90072677 0.003695 0.000348
2454996.92116127 0.027994 0.000354
2454996.94159568 0.050851 0.000360
2454996.96203009 0.071864 0.000366
2454996.98246450 0.095875 0.000372
2454997.00289891 0.118108 0.000378
2454997.02333331 0.132527 0.000381
2454997.04376762 0.136083 0.000383
2454997.06420213 0.138957 0.000383
2454997.08463653 0.156099 0.000388
2454997.10507094 0.187898 0.000397
2454997.12550525 0.227743 0.000409
2454997.14593975 0.268139 0.000421
2454997.16637406 0.291615 0.000428
2454997.18680846 0.266624 0.000421
2454997.20724297 0.095991 0.000372
2454997.24811168 -0.411399 0.000261
2454997.26854609 -0.526878 0.000242
2454997.28898049 -0.491655 0.000247
2454997.30941489 -0.429901 0.000258
2454997.32984930 -0.370970 0.000268
2454997.35028380 -0.318141 0.000278
2454997.37071821 -0.269883 0.000287
2454997.39115251 -0.223496 0.000297
2454997.41158691 -0.179016 0.000306
2454997.43202132 -0.136945 0.000315
2454997.45245572 -0.098482 0.000324
2454997.47289012 -0.063784 0.000331
2454997.49332463 -0.031305 0.000339
2454997.51375893 -0.005001 0.000346
2454997.53419333 0.021444 0.000352
2454997.55462773 0.041171 0.000357
2454997.57506214 0.065077 0.000363
2454997.59549654 0.087778 0.000369
2454997.61593094 0.111076 0.000376
2454997.63636524 0.129665 0.000380
2454997.65679974 0.135950 0.000382
2454997.67723414 0.137241 0.000382
2454997.69766854 0.147623 0.000385
2454997.71810295 0.175693 0.000393
2454997.73853735 0.214821 0.000404
2454997.75897175 0.256906 0.000417
2454997.77940605 0.289856 0.000427
2454997.79984055 0.292042 0.000428
2454997.82027495 0.194104 0.000398
2454997.84070925 -0.111601 0.000320
2454997.86114375 -0.333185 0.000275
2454997.88157814 -0.511992 0.000244
2454997.90201244 -0.513393 0.000244
2454997.92244684 -0.453233 0.000253
2454997.94288134 -0.393116 0.000264
2454997.96331564 -0.338599 0.000274
2454997.98375004 -0.288842 0.000284
