# # KIC 3733346 Kepler PDCSAP converted to OGLE-like format
# # columns: JD  mag  mag_err
2454964.51288740 0.124862 0.000105
2454964.53332201 0.205624 0.000114
2454964.55375651 0.180939 0.000112
2454964.57419092 0.183154 0.000112
2454964.59462542 0.208669 0.000113
2454964.61506002 0.237920 0.000114
2454964.63549443 0.248680 0.000114
2454964.65592893 0.204353 0.000110
2454964.67636353 0.026888 0.000100
2454964.69679803 -0.262788 0.000085
2454964.71723244 -0.445629 0.000077
2454964.73766694 -0.547413 0.000073
2454964.75810154 -0.522011 0.000074
2454964.77853594 -0.461631 0.000076
2454964.79897045 -0.401304 0.000079
2454964.81940505 -0.347579 0.000081
2454964.83983945 -0.300945 0.000083
2454964.86027395 -0.259800 0.000085
2454964.88070845 -0.221855 0.000087
2454964.90114296 -0.187088 0.000089
2454964.92157746 -0.154449 0.000090
2454964.94201196 -0.122754 0.000092
2454964.96244646 -0.091557 0.000093
2454964.98288096 -0.059472 0.000095
2454965.00331546 -0.027208 0.000097
2454965.02374986 0.004885 0.000099
2454965.04418446 0.034435 0.000100
2454965.06461896 0.060508 0.000102
2454965.08505336 0.081422 0.000103
2454965.10548786 0.096944 0.000104
2454965.12592246 0.106996 0.000104
2454965.14635686 0.115039 0.000105
2454965.16679136 0.121601 0.000105
2454965.18722596 0.125851 0.000106
2454965.20766046 0.120154 0.000105
2454965.22809486 0.103044 0.000104
2454965.24852936 0.104623 0.000104
2454965.26896396 0.136585 0.000106
2454965.28939836 0.180699 0.000109
2454965.30983286 0.219547 0.000111
2454965.33026746 0.223638 0.000112
2454965.35070186 0.127030 0.000106
2454965.37113635 -0.176355 0.000089
2454965.39157085 -0.372846 0.000080
2454965.41200535 -0.528210 0.000074
2454965.43243985 -0.539820 0.000073
2454965.45287435 -0.485291 0.000075
2454965.47330894 -0.422951 0.000078
2454965.49374334 -0.366368 0.000080
2454965.51417784 -0.317474 0.000082
2454965.53461224 -0.274511 0.000084
2454965.55504683 -0.235319 0.000086
2454965.57548133 -0.199582 0.000088
2454965.59591573 -0.166268 0.000090
2454965.61635032 -0.134638 0.000091
2454965.63678482 -0.103774 0.000093
2454965.65721932 -0.072507 0.000094
2454965.67765371 -0.040836 0.000096
2454965.69808831 -0.008382 0.000098
2454965.71852281 0.022291 0.000100
2454965.73895720 0.050333 0.000101
2454965.75939180 0.073295 0.000103
2454965.77982630 0.090733 0.000104
2454965.80026069 0.102851 0.000104
2454965.82069519 0.111216 0.000105
2454965.84112978 0.118120 0.000105
2454965.86156418 0.124656 0.000105
2454965.88199867 0.124192 0.000106
2454965.90243327 0.109656 0.000105
2454965.92286766 0.101075 0.000104
2454965.94330216 0.122469 0.000105
2454965.96373665 0.163794 0.000108
2454965.98417125 0.206537 0.000111
2454966.00460564 0.228608 0.000112
2454966.02504013 0.182951 0.000109
2454966.04547463 -0.058876 0.000095
2454966.06590912 -0.304330 0.000083
2454966.08634362 -0.483228 0.000076
2454966.10677811 -0.545399 0.000073
2454966.12721260 -0.504815 0.000075
2454966.14764710 -0.443327 0.000077
2454966.16808159 -0.385104 0.000080
2454966.18851608 -0.333547 0.000082
2454966.20895068 -0.288707 0.000084
2454966.22938507 -0.248676 0.000086
2454966.24981956 -0.212327 0.000087
2454966.27025405 -0.178236 0.000089
2454966.29068855 -0.146217 0.000091
2454966.31112304 -0.114488 0.000092
2454966.33155743 -0.083149 0.000094
2454966.35199202 -0.051645 0.000096
2454966.37242651 -0.019663 0.000097
2454966.39286101 0.011568 0.000099
2454966.41329550 0.040278 0.000101
2454966.43372999 0.065506 0.000102
2454966.45416448 0.085241 0.000103
2454966.47459887 0.099280 0.000104
2454966.49503346 0.109383 0.000105
2454966.51546795 0.116554 0.000105
2454966.53590234 0.122867 0.000105
2454966.55633693 0.125917 0.000106
2454966.57677142 0.115738 0.000105
2454966.59720581 0.099036 0.000104
2454966.61764031 0.107933 0.000105
2454966.63807490 0.144196 0.000107
2454966.65850939 0.189323 0.000110
2454966.67894378 0.223331 0.000112
2454966.69937836 0.212112 0.000111
2454966.71981285 0.066405 0.000102
2454966.74024724 -0.236457 0.000086
2454966.76068173 -0.421101 0.000078
2454966.78111632 -0.545188 0.000073
2454966.80155071 -0.531034 0.000074
2454966.82198520 -0.471096 0.000076
2454966.84241969 -0.409482 0.000079
2454966.86285418 -0.355102 0.000081
2454966.88328867 -0.307251 0.000083
2454966.90372315 -0.264992 0.000085
2454966.92415764 -0.226546 0.000087
2454966.94459213 -0.191201 0.000089
2454966.96502662 -0.158316 0.000090
2454966.98546100 -0.126518 0.000092
2454967.00589559 -0.094937 0.000093
2454967.02633008 -0.063058 0.000095
2454967.04676447 -0.031011 0.000097
2454967.06719905 0.000826 0.000099
2454967.08763354 0.030680 0.000100
2454967.10806793 0.057253 0.000102
2454967.12850241 0.078935 0.000103
2454967.14893700 0.095000 0.000104
2454967.16937149 0.106148 0.000105
2454967.18980587 0.113693 0.000105
2454967.21024046 0.120218 0.000105
2454967.23067495 0.125085 0.000106
2454967.25110933 0.120735 0.000105
2454967.27154382 0.103769 0.000104
2454967.29197840 0.102495 0.000104
2454967.31241279 0.131561 0.000106
2454967.33284727 0.175675 0.000109
2454967.35328186 0.216135 0.000111
2454967.37371624 0.226599 0.000112
2454967.41458521 -0.140834 0.000091
2454967.43501970 -0.352475 0.000081
2454967.45545418 -0.520953 0.000074
2454967.47588867 -0.547895 0.000073
2454967.49632325 -0.495371 0.000075
2454967.51675763 -0.432237 0.000078
2454967.53719212 -0.374826 0.000080
2454967.55762650 -0.324206 0.000082
2454967.57806109 -0.279674 0.000084
2454967.59849557 -0.240036 0.000086
2454967.61892995 -0.203374 0.000088
2454967.63936444 -0.169997 0.000090
2454967.65979902 -0.138006 0.000091
2454967.68023350 -0.106674 0.000093
2454967.70066798 -0.075254 0.000094
2454967.72110247 -0.043289 0.000096
2454967.74153695 -0.011314 0.000098
2454967.76197133 0.019623 0.000100
2454967.78240581 0.047514 0.000101
2454967.80284040 0.071280 0.000103
2454967.82327488 0.089639 0.000104
2454967.84370926 0.102702 0.000104
2454967.86414384 0.111383 0.000105
2454967.88457832 0.118696 0.000105
2454967.90501280 0.124541 0.000106
2454967.92544718 0.125437 0.000106
2454967.94588177 0.112447 0.000105
2454967.96631625 0.100292 0.000104
2454967.98675063 0.117861 0.000105
2454968.00718521 0.156971 0.000108
2454968.02761969 0.200594 0.000110
2454968.04805407 0.226684 0.000112
2454968.06848855 0.193686 0.000110
2454968.08892313 -0.013875 0.000098
2454968.10935751 -0.284338 0.000084
2454968.12979199 -0.466812 0.000076
2454968.15022657 -0.549167 0.000073
2454968.17066105 -0.515616 0.000074
2454968.19109543 -0.453831 0.000077
2454968.21152990 -0.394613 0.000079
2454968.23196448 -0.341962 0.000082
2454968.25239886 -0.295771 0.000084
2454968.27283334 -0.254455 0.000086
2454968.29326772 -0.217020 0.000087
2454968.31370230 -0.182192 0.000089
2454968.33413678 -0.149576 0.000091
2454968.35457115 -0.118056 0.000092
2454968.37500573 -0.087046 0.000094
2454968.39544021 -0.055290 0.000095
2454968.41587469 -0.023372 0.000097
2454968.43630907 0.008069 0.000099
2454968.45674364 0.037541 0.000101
2454968.47717812 0.062775 0.000102
2454968.49761250 0.083307 0.000103
2454968.51804707 0.097915 0.000104
2454968.53848155 0.107448 0.000105
2454968.55891593 0.114824 0.000105
2454968.57935040 0.120949 0.000105
2454968.59978498 0.124885 0.000106
2454968.62021936 0.116994 0.000105
2454968.64065383 0.100562 0.000104
2454968.66108841 0.106318 0.000105
2454968.68152288 0.140607 0.000107
2454968.70195726 0.185060 0.000109
2454968.72239173 0.221060 0.000112
2454968.74282631 0.218002 0.000111
2454968.76326068 0.100974 0.000104
2454968.78369516 -0.207853 0.000088
2454968.80412973 -0.398037 0.000079
2454968.82456411 -0.537507 0.000073
2454968.84499858 -0.535773 0.000074
2454968.86543306 -0.478243 0.000076
2454968.88586753 -0.415976 0.000078
2454968.90630201 -0.360023 0.000081
2454968.92673648 -0.311381 0.000083
2454968.94717085 -0.268572 0.000085
2454968.96760543 -0.230048 0.000087
2454968.98803990 -0.194549 0.000088
2454969.00847427 -0.161489 0.000090
2454969.02890885 -0.129792 0.000092
2454969.04934332 -0.098852 0.000093
2454969.06977769 -0.067458 0.000095
2454969.09021217 -0.035743 0.000097
2454969.11064674 -0.003768 0.000098
2454969.13108121 0.026917 0.000100
2454969.15151558 0.054406 0.000102
2454969.17195015 0.076847 0.000103
2454969.19238463 0.093673 0.000104
2454969.21281900 0.105376 0.000105
2454969.23325347 0.113310 0.000105
2454969.25368804 0.119606 0.000105
2454969.27412241 0.124756 0.000106
2454969.29455688 0.122823 0.000106
2454969.31499146 0.107370 0.000105
2454969.33542583 0.101585 0.000104
2454969.35586030 0.126327 0.000106
2454969.37629477 0.168712 0.000108
2454969.39672924 0.210706 0.000111
2454969.41716371 0.227338 0.000112
2454969.43759818 0.168417 0.000108
2454969.45803275 -0.098579 0.000093
2454969.47846712 -0.327827 0.000082
2454969.49890159 -0.502650 0.000075
2454969.51933606 -0.547412 0.000073
2454969.53977053 -0.500736 0.000075
2454969.56020500 -0.438304 0.000077
2454969.58063947 -0.380229 0.000080
2454969.60107393 -0.328840 0.000082
2454969.62150840 -0.283631 0.000084
2454969.64194287 -0.243329 0.000086
2454969.66237734 -0.206674 0.000088
2454969.68281181 -0.173189 0.000089
2454969.70324628 -0.141268 0.000091
2454969.72368074 -0.110247 0.000093
2454969.74411511 -0.078690 0.000094
2454969.76454968 -0.047117 0.000096
2454969.78498415 -0.015000 0.000098
2454969.80541852 0.015668 0.000099
2454969.82585308 0.044211 0.000101
2454969.84628755 0.068532 0.000102
2454969.86672202 0.087558 0.000103
2454969.88715638 0.101127 0.000104
2454969.90759095 0.110404 0.000105
2454969.92802542 0.117799 0.000105
2454969.94845978 0.124096 0.000106
2454969.96889435 0.126120 0.000106
2454969.98932882 0.114515 0.000105
2454970.00976318 0.099899 0.000104
2454970.03019765 0.112716 0.000105
2454970.05063221 0.150954 0.000107
2454970.07106658 0.195243 0.000110
2454970.09150104 0.225233 0.000112
2454970.11193561 0.204257 0.000111
2454970.13236997 0.028695 0.000100
2454970.15280444 -0.262722 0.000085
2454970.17323890 -0.446816 0.000077
2454970.19367347 -0.548316 0.000073
2454970.21410783 -0.523624 0.000074
2454970.23454229 -0.463277 0.000076
2454970.25497666 -0.401974 0.000079
2454970.27541122 -0.347691 0.000081
2454970.29584569 -0.300381 0.000083
2454970.31628005 -0.258665 0.000085
2454970.33671461 -0.220707 0.000087
2454970.35714908 -0.185903 0.000089
2454970.39801790 -0.122278 0.000092
2454970.41845247 -0.091165 0.000094
2454970.43888693 -0.059753 0.000095
2454970.45932129 -0.027550 0.000097
2454970.47975585 0.003952 0.000099
2454970.50019031 0.033979 0.000100
2454970.52062468 0.060150 0.000102
2454970.54105914 0.081120 0.000103
2454970.56149370 0.096499 0.000104
2454970.58192806 0.106914 0.000105
2454970.60236252 0.114280 0.000105
2454970.62279708 0.120533 0.000105
2454970.64323155 0.124781 0.000106
2454970.66366591 0.119327 0.000105
2454970.68410037 0.103311 0.000104
2454970.70453493 0.105437 0.000104
2454970.72496929 0.136898 0.000106
2454970.74540375 0.180854 0.000109
2454970.76583831 0.218862 0.000111
2454970.78627267 0.222621 0.000112
2454970.80670713 0.127695 0.000106
2454970.82714149 -0.172254 0.000089
2454970.84757605 -0.369801 0.000080
2454970.86801051 -0.523945 0.000074
2454970.88844497 -0.536711 0.000073
2454970.90887932 -0.483006 0.000076
2454970.92931388 -0.421541 0.000078
2454970.94974834 -0.365247 0.000081
2454970.97018270 -0.316087 0.000083
2454970.99061726 -0.273038 0.000085
2454971.01105172 -0.234418 0.000086
2454971.03148607 -0.199284 0.000088
2454971.05192053 -0.166221 0.000090
2454971.07235509 -0.134760 0.000091
2454971.09278955 -0.103831 0.000093
2454971.11322391 -0.072772 0.000094
2454971.13365846 -0.040941 0.000096
2454971.15409292 -0.008848 0.000098
2454971.17452728 0.022167 0.000100
2454971.19496173 0.050202 0.000101
2454971.21539629 0.073306 0.000103
2454971.23583075 0.091107 0.000104
2454971.25626510 0.103687 0.000104
2454971.27669966 0.112508 0.000105
2454971.29713411 0.119035 0.000105
2454971.31756847 0.124948 0.000106
2454971.33800293 0.124667 0.000106
2454971.35843748 0.109812 0.000105
2454971.37887194 0.100440 0.000104
2454971.39930629 0.120525 0.000105
2454971.41974085 0.160865 0.000108
2454971.44017530 0.203717 0.000110
2454971.46060966 0.226424 0.000112
2454971.48104411 0.182902 0.000109
2454971.50147867 -0.053047 0.000096
2454971.52191302 -0.304041 0.000083
2454971.54234747 -0.483554 0.000076
2454971.56278193 -0.547285 0.000073
2454971.58321638 -0.506985 0.000075
2454971.60365083 -0.444567 0.000077
2454971.62408529 -0.385033 0.000080
2454971.64451974 -0.333537 0.000082
2454971.66495419 -0.288331 0.000084
2454971.68538865 -0.248981 0.000086
2454971.70582300 -0.211817 0.000087
2454971.72625755 -0.178058 0.000089
2454971.74669201 -0.145994 0.000091
2454971.76712636 -0.114959 0.000092
2454971.78756091 -0.083674 0.000094
2454971.80799536 -0.051874 0.000096
2454971.82842971 -0.019954 0.000097
2454971.84886416 0.011074 0.000099
2454971.86929872 0.040040 0.000101
2454971.88973317 0.064544 0.000102
2454971.91016752 0.084061 0.000103
2454971.93060207 0.098371 0.000104
2454971.95103652 0.108393 0.000105
2454971.97147087 0.115834 0.000105
2454971.99190532 0.122452 0.000105
2454972.01233987 0.126067 0.000106
2454972.03277422 0.116300 0.000105
2454972.05320867 0.101070 0.000104
2454972.07364322 0.110196 0.000105
2454972.09407757 0.145374 0.000107
2454972.11451202 0.188907 0.000110
2454972.13494647 0.221773 0.000112
2454972.15538092 0.209247 0.000111
2454972.17581537 0.066412 0.000102
2454972.19624982 -0.238391 0.000086
2454972.21668416 -0.423510 0.000078
2454972.23711871 -0.544836 0.000073
2454972.25755316 -0.529656 0.000074
2454972.27798751 -0.469902 0.000076
2454972.29842206 -0.408334 0.000079
2454972.31885651 -0.353314 0.000081
2454972.33929095 -0.305457 0.000083
2454972.35972530 -0.263189 0.000085
2454972.38015985 -0.225210 0.000087
2454972.40059430 -0.190452 0.000089
2454972.42102864 -0.157333 0.000090
2454972.44146319 -0.125623 0.000092
2454972.46189764 -0.094526 0.000093
2454972.48233198 -0.063037 0.000095
2454972.50276643 -0.030888 0.000097
2454972.52320097 0.000371 0.000098
2454972.54363532 0.030346 0.000100
2454972.56406977 0.056699 0.000102
2454972.58450431 0.078137 0.000103
2454972.60493866 0.094434 0.000104
2454972.62537310 0.106021 0.000105
2454972.64580755 0.114048 0.000105
2454972.66624209 0.120453 0.000105
2454972.68667644 0.125477 0.000106
2454972.70711088 0.120732 0.000105
2454972.72754533 0.103860 0.000104
2454972.74797977 0.102215 0.000104
2454972.76841422 0.130895 0.000106
2454972.78884866 0.174372 0.000109
2454972.80928310 0.214832 0.000111
2454972.82971755 0.226238 0.000112
2454972.85015199 0.152148 0.000107
2454972.87058643 -0.133421 0.000091
2454972.89102088 -0.346498 0.000081
2454972.91145532 -0.516697 0.000074
2454972.93188976 -0.545286 0.000073
2454972.95232431 -0.493867 0.000075
2454972.97275865 -0.431220 0.000078
2454972.99319309 -0.373732 0.000080
2454973.01362743 -0.322865 0.000082
2454973.03406198 -0.278758 0.000084
2454973.05449642 -0.239639 0.000086
2454973.07493086 -0.203481 0.000088
2454973.09536530 -0.170166 0.000089
2454973.11579974 -0.138387 0.000091
2454973.13623418 -0.107181 0.000093
2454973.15666852 -0.075913 0.000094
2454973.17710306 -0.043348 0.000096
2454973.19753751 -0.011551 0.000098
2454973.21797185 0.019744 0.000100
2454973.23840639 0.047949 0.000101
2454973.25884083 0.071471 0.000102
2454973.27927517 0.089863 0.000104
2454973.29970961 0.102510 0.000104
2454973.32014415 0.111587 0.000105
2454973.34057849 0.118770 0.000105
2454973.38144736 0.125461 0.000106
2454973.40188190 0.111864 0.000105
2454973.42231624 0.100365 0.000104
2454973.44275068 0.117569 0.000105
2454973.46318522 0.156097 0.000107
2454973.48361956 0.199366 0.000110
2454973.50405400 0.226308 0.000112
2454973.52448833 0.195018 0.000110
2454973.54492287 -0.009794 0.000098
2454973.56535731 -0.281783 0.000084
2454973.58579175 -0.461638 0.000076
2454973.60622618 -0.545241 0.000073
2454973.62666062 -0.513155 0.000074
2454973.64709506 -0.452266 0.000077
2454973.66752939 -0.393284 0.000079
2454973.68796393 -0.340980 0.000081
2454973.70839837 -0.294969 0.000084
2454973.72883270 -0.253879 0.000085
2454973.74926724 -0.216149 0.000087
2454973.76970168 -0.181682 0.000089
2454973.79013601 -0.149494 0.000091
2454973.81057045 -0.118253 0.000092
2454973.83100498 -0.087061 0.000094
2454973.85143942 -0.055729 0.000095
2454973.87187375 -0.024443 0.000097
2454973.89230819 0.007428 0.000099
2454973.91274272 0.036541 0.000100
2454973.93317706 0.061710 0.000102
2454973.95361149 0.082039 0.000103
2454973.97404602 0.097102 0.000104
2454973.99448036 0.107236 0.000105
2454974.01491479 0.115280 0.000105
2454974.03534923 0.122148 0.000105
2454974.05578366 0.125986 0.000106
2454974.07621809 0.117491 0.000105
2454974.09665253 0.100634 0.000104
2454974.11708696 0.106829 0.000105
2454974.13752139 0.140684 0.000107
2454974.15795582 0.185202 0.000109
2454974.17839016 0.221693 0.000112
2454974.19882469 0.218935 0.000111
2454974.21925912 0.102627 0.000104
2454974.23969345 -0.204078 0.000088
2454974.26012799 -0.394683 0.000079
2454974.28056242 -0.535390 0.000074
2454974.30099675 -0.535093 0.000074
2454974.32143118 -0.478722 0.000076
2454974.34186571 -0.415815 0.000078
2454974.36230014 -0.359663 0.000081
2454974.38273447 -0.310948 0.000083
2454974.40316890 -0.268316 0.000085
2454974.42360343 -0.230211 0.000087
2454974.44403786 -0.195014 0.000088
2454974.46447219 -0.162005 0.000090
2454974.48490672 -0.130067 0.000092
2454974.50534115 -0.098749 0.000093
2454974.52577548 -0.067556 0.000095
2454974.54620991 -0.035625 0.000096
2454974.56664434 -0.003864 0.000098
2454974.58707887 0.026468 0.000100
2454974.60751320 0.053347 0.000101
2454974.62794773 0.075932 0.000103
2454974.64838216 0.092582 0.000104
2454974.66881648 0.104008 0.000104
2454974.68925091 0.111943 0.000105
2454974.70968544 0.118317 0.000105
2454974.73011977 0.123684 0.000106
2454974.75055420 0.121119 0.000105
2454974.77098872 0.105323 0.000104
2454974.79142305 0.100721 0.000104
2454974.81185748 0.126657 0.000106
2454974.83229190 0.169321 0.000108
2454974.85272633 0.211094 0.000111
2454974.87316076 0.227993 0.000112
2454974.89359518 0.170064 0.000108
2454974.91402971 -0.095257 0.000093
2454974.93446404 -0.324892 0.000082
2454974.95489846 -0.500422 0.000075
2454974.97533279 -0.545635 0.000073
2454974.99576731 -0.499433 0.000075
2454975.01620174 -0.436358 0.000078
2454975.03663606 -0.378107 0.000080
2454975.05707049 -0.327759 0.000082
2454975.07750501 -0.283676 0.000084
2454975.09793944 -0.244523 0.000086
2454975.11837376 -0.208399 0.000088
2454975.13880829 -0.174361 0.000089
2454975.15924271 -0.142007 0.000091
2454975.17967703 -0.110166 0.000093
2454975.20011146 -0.078632 0.000094
2454975.22054598 -0.046696 0.000096
2454975.24098030 -0.014721 0.000098
2454975.26141473 0.016233 0.000099
2454975.28184925 0.044645 0.000101
2454975.30228357 0.068321 0.000102
2454975.32271800 0.087552 0.000103
2454975.34315242 0.100832 0.000104
2454975.36358694 0.109953 0.000105
2454975.38402126 0.116710 0.000105
2454975.40445569 0.123127 0.000106
2454975.42489021 0.124978 0.000106
2454975.44532453 0.113212 0.000105
2454975.46575895 0.099057 0.000104
2454975.48619327 0.113098 0.000105
2454975.50662779 0.150993 0.000107
2454975.52706221 0.195102 0.000110
2454975.54749663 0.225469 0.000112
2454975.56793095 0.205855 0.000111
2454975.58836547 0.033758 0.000100
2454975.60879990 -0.255402 0.000085
2454975.62923421 -0.437256 0.000077
2454975.64966873 -0.542703 0.000073
2454975.67010315 -0.519778 0.000074
2454975.69053747 -0.458917 0.000077
2454975.71097189 -0.398459 0.000079
2454975.73140641 -0.345717 0.000081
2454975.75184073 -0.299341 0.000083
2454975.77227515 -0.258617 0.000085
2454975.79270967 -0.220540 0.000087
2454975.81314399 -0.186119 0.000089
2454975.83357840 -0.153855 0.000090
2454975.85401282 -0.122227 0.000092
2454975.87444734 -0.091162 0.000094
2454975.89488166 -0.059279 0.000095
2454975.91531608 -0.027101 0.000097
2454975.93575059 0.004474 0.000099
2454975.95618491 0.034092 0.000100
2454975.97661933 0.058548 0.000102
2454975.99705364 0.080385 0.000103
2454976.01748816 0.095664 0.000104
2454976.03792258 0.106244 0.000104
2454976.05835699 0.113539 0.000105
2454976.07879141 0.120529 0.000105
2454976.09922582 0.125002 0.000106
2454976.11966024 0.119661 0.000105
2454976.14009466 0.102343 0.000104
2454976.16052907 0.103134 0.000104
2454976.18096349 0.133764 0.000106
2454976.20139780 0.177715 0.000109
2454976.22183222 0.216451 0.000111
2454976.24226673 0.221996 0.000112
2454976.26270114 0.130812 0.000106
2454976.28313556 -0.169937 0.000090
2454976.30356997 -0.370162 0.000080
2454976.32400439 -0.526536 0.000074
2454976.36487311 -0.484396 0.000076
2454976.38530763 -0.421474 0.000078
2454976.40574204 -0.365263 0.000081
2454976.42617635 -0.316222 0.000083
2454976.44661087 -0.273129 0.000085
2454976.46704528 -0.234044 0.000086
2454976.48747959 -0.198077 0.000088
2454976.50791400 -0.165165 0.000090
2454976.52834851 -0.133820 0.000091
2454976.54878293 -0.102997 0.000093
2454976.56921724 -0.071742 0.000094
2454976.58965175 -0.040324 0.000096
2454976.61008616 -0.007480 0.000098
2454976.63052047 0.023597 0.000100
2454976.65095488 0.051659 0.000101
2454976.67138939 0.074670 0.000103
2454976.69182370 0.092091 0.000104
2454976.71225811 0.104270 0.000104
2454976.73269252 0.112093 0.000105
2454976.75312694 0.118515 0.000105
2454976.77356134 0.124290 0.000106
2454976.79399575 0.124105 0.000106
2454976.81443016 0.109510 0.000105
2454976.83486457 0.100236 0.000104
2454976.85529898 0.120928 0.000105
2454976.87573329 0.161252 0.000108
2454976.89616780 0.203745 0.000110
2454976.91660221 0.225594 0.000112
2454976.93703652 0.182206 0.000109
2454976.95747102 -0.052900 0.000096
2454976.97790543 -0.304654 0.000083
2454976.99833974 -0.485724 0.000075
2454977.01877415 -0.549578 0.000073
2454977.03920866 -0.508571 0.000075
2454977.05964306 -0.446197 0.000077
2454977.08007737 -0.386755 0.000080
2454977.10051188 -0.335225 0.000082
2454977.12094628 -0.289691 0.000084
2454977.14138059 -0.249374 0.000086
2454977.16181500 -0.212794 0.000087
2454977.18224950 -0.178345 0.000089
2454977.20268381 -0.145833 0.000091
2454977.22311821 -0.114634 0.000092
2454977.24355272 -0.083069 0.000094
2454977.26398702 -0.051391 0.000096
2454977.28442143 -0.019868 0.000097
2454977.30485583 0.011983 0.000099
2454977.32529024 0.040791 0.000101
2454977.34572464 0.065477 0.000102
2454977.36615905 0.084945 0.000103
2454977.38659335 0.099149 0.000104
2454977.40702786 0.108835 0.000105
2454977.42746226 0.115913 0.000105
2454977.44789656 0.121754 0.000105
2454977.46833107 0.124975 0.000106
2454977.48876547 0.115852 0.000105
2454977.50919977 0.100796 0.000104
2454977.52963418 0.110545 0.000105
2454977.55006868 0.146078 0.000107
2454977.57050308 0.189826 0.000110
2454977.59093738 0.222826 0.000112
2454977.61137189 0.211761 0.000111
2454977.63180629 0.070374 0.000102
2454977.65224059 -0.230548 0.000087
2454977.67267499 -0.416356 0.000078
2454977.69310949 -0.540439 0.000073
2454977.71354380 -0.527314 0.000074
2454977.73397820 -0.467691 0.000076
2454977.75441270 -0.405909 0.000079
2454977.77484700 -0.351281 0.000081
2454977.79528140 -0.303858 0.000083
2454977.81571580 -0.262340 0.000085
2454977.83615030 -0.224522 0.000087
2454977.85658460 -0.189729 0.000089
2454977.87701900 -0.157074 0.000090
2454977.89745340 -0.125704 0.000092
2454977.91788780 -0.094881 0.000093
2454977.93832220 -0.063473 0.000095
2454977.95875660 -0.031578 0.000097
2454977.97919109 0.000172 0.000098
2454977.99962539 0.029994 0.000100
2454978.02005979 0.056400 0.000102
2454978.04049419 0.078152 0.000103
2454978.06092859 0.094147 0.000104
2454978.08136299 0.105003 0.000104
2454978.10179738 0.113252 0.000105
2454978.12223188 0.120315 0.000105
2454978.14266618 0.126051 0.000106
2454978.16310058 0.122759 0.000105
2454978.18353487 0.105115 0.000104
2454978.20396937 0.101584 0.000104
2454978.22440377 0.128949 0.000106
2454978.24483806 0.172130 0.000108
2454978.26527256 0.212630 0.000111
2454978.28570695 0.224654 0.000112
2454978.30614135 0.151799 0.000107
2454978.32657564 -0.133710 0.000091
2454978.34701014 -0.348830 0.000081
2454978.36744454 -0.517150 0.000074
2454978.38787883 -0.545162 0.000073
2454978.40831333 -0.493542 0.000075
2454978.42874772 -0.429772 0.000078
2454978.44918201 -0.371319 0.000080
2454978.46961641 -0.320756 0.000082
2454978.49005090 -0.277197 0.000084
2454978.51048520 -0.238559 0.000086
2454978.53091959 -0.202638 0.000088
2454978.55135398 -0.169277 0.000089
2454978.57178848 -0.137576 0.000091
2454978.59222277 -0.106475 0.000093
2454978.61265716 -0.074937 0.000094
2454978.63309166 -0.042818 0.000096
2454978.65352595 -0.010421 0.000098
2454978.67396034 0.020361 0.000099
2454978.69439463 0.047823 0.000101
2454978.71482912 0.071241 0.000102
2454978.73526352 0.089308 0.000103
2454978.75569791 0.102033 0.000104
2454978.77613230 0.110951 0.000105
2454978.79656669 0.117762 0.000105
2454978.81700108 0.124113 0.000105
2454978.83743537 0.125269 0.000105
2454978.85786986 0.111178 0.000105
2454978.87830425 0.098378 0.000104
2454978.89873854 0.116090 0.000105
2454978.91917303 0.155783 0.000107
2454978.93960742 0.200497 0.000110
2454978.96004171 0.228152 0.000112
2454978.98047610 0.198164 0.000110
2454979.00091059 -0.005311 0.000098
2454979.02134498 -0.278114 0.000084
2454979.04177927 -0.459736 0.000076
2454979.06221376 -0.546365 0.000073
2454979.08264815 -0.514554 0.000074
2454979.10308243 -0.452824 0.000077
2454979.12351682 -0.392957 0.000079
2454979.14395131 -0.340115 0.000082
2454979.16438560 -0.294130 0.000084
2454979.18481999 -0.253282 0.000085
2454979.20525437 -0.215978 0.000087
2454979.22568876 -0.181397 0.000089
2454979.24612315 -0.148934 0.000091
2454979.26655753 -0.117609 0.000092
2454979.28699192 -0.086310 0.000094
2454979.30742631 -0.054745 0.000095
2454979.34829498 0.008827 0.000099
2454979.36872946 0.037760 0.000100
2454979.38916385 0.062921 0.000102
2454979.40959814 0.083221 0.000103
2454979.43003262 0.097638 0.000104
2454979.45046701 0.107396 0.000104
2454979.47090129 0.115311 0.000105
2454979.49133578 0.121594 0.000105
2454979.51177016 0.125308 0.000106
2454979.53220454 0.118337 0.000105
2454979.55263883 0.101082 0.000104
2454979.57307331 0.106286 0.000104
2454979.59350770 0.139904 0.000106
2454979.61394208 0.184290 0.000109
2454979.63437636 0.220886 0.000111
2454979.65481084 0.218781 0.000111
2454979.67524523 0.105071 0.000104
2454979.69567951 -0.199311 0.000088
2454979.71611399 -0.389418 0.000079
2454979.73654837 -0.533181 0.000073
2454979.75698276 -0.534402 0.000073
2454979.77741704 -0.477684 0.000076
2454979.79785152 -0.415482 0.000078
2454979.81828590 -0.359427 0.000081
2454979.83872018 -0.310846 0.000083
2454979.85915456 -0.267882 0.000085
2454979.87958904 -0.229472 0.000087
2454979.90002333 -0.193890 0.000088
2454979.92045771 -0.160910 0.000090
2454979.94089219 -0.129201 0.000092
2454979.96132647 -0.098019 0.000093
2454979.98176085 -0.066524 0.000095
2454980.00219523 -0.034410 0.000096
2454980.02262961 -0.002526 0.000098
2454980.04306398 0.027707 0.000100
2454980.06349836 0.054606 0.000101
2454980.08393284 0.076810 0.000103
2454980.10436712 0.093574 0.000104
2454980.12480150 0.104759 0.000104
2454980.14523578 0.112839 0.000105
2454980.16567026 0.119385 0.000105
2454980.18610463 0.124823 0.000106
2454980.20653891 0.123485 0.000105
2454980.22697339 0.106868 0.000104
2454980.24740777 0.100417 0.000104
2454980.26784214 0.124677 0.000105
2454980.28827642 0.167253 0.000108
2454980.30871090 0.209630 0.000111
2454980.32914527 0.227120 0.000112
2454980.34957955 0.171327 0.000108
2454980.37001393 -0.090741 0.000093
2454980.39044840 -0.321327 0.000082
2454980.41088268 -0.498222 0.000075
2454980.43131705 -0.545705 0.000073
2454980.45175153 -0.499570 0.000075
2454980.47218580 -0.436689 0.000077
2454980.49262018 -0.378296 0.000080
2454980.51305455 -0.327474 0.000082
2454980.53348903 -0.283049 0.000084
2454980.55392330 -0.243445 0.000086
2454980.57435768 -0.207021 0.000088
2454980.59479215 -0.173132 0.000089
2454980.61522642 -0.140914 0.000091
2454980.63566080 -0.109725 0.000093
2454980.65609507 -0.078020 0.000094
2454980.67652954 -0.046002 0.000096
2454980.69696392 -0.013803 0.000098
2454980.71739819 0.016729 0.000099
2454980.73783266 0.044781 0.000101
2454980.75826703 0.068728 0.000102
2454980.77870141 0.087354 0.000103
2454980.79913568 0.100688 0.000104
2454980.81957015 0.110222 0.000105
2454980.84000452 0.117482 0.000105
2454980.86043879 0.122789 0.000105
2454980.88087316 0.124749 0.000106
2454980.92174191 0.099008 0.000104
2454980.94217628 0.113520 0.000105
2454980.96261075 0.152051 0.000107
2454980.98304502 0.196766 0.000110
2454981.00347939 0.227361 0.000112
2454981.02391376 0.207713 0.000111
2454981.04434823 0.037122 0.000100
2454981.06478250 -0.253261 0.000086
2454981.08521686 -0.435128 0.000078
2454981.10565133 -0.543253 0.000073
2454981.12608560 -0.520763 0.000074
2454981.14651997 -0.460814 0.000076
2454981.16695434 -0.400980 0.000079
2454981.18738871 -0.347525 0.000081
2454981.20782307 -0.300650 0.000083
2454981.22825744 -0.258642 0.000085
2454981.24869191 -0.220651 0.000087
2454981.26912618 -0.185853 0.000089
2454981.28956054 -0.153263 0.000090
2454981.30999491 -0.121902 0.000092
2454981.33042928 -0.090315 0.000094
2454981.35086364 -0.058567 0.000095
2454981.37129801 -0.026424 0.000097
2454981.39173228 0.004772 0.000099
2454981.41216674 0.033818 0.000100
2454981.43260111 0.059447 0.000102
2454981.45303547 0.080345 0.000103
2454981.47346984 0.095919 0.000104
2454981.49390420 0.106603 0.000104
2454981.51433857 0.114428 0.000105
2454981.53477283 0.120911 0.000105
2454981.55520730 0.124897 0.000106
2454981.57564166 0.119083 0.000105
2454981.59607593 0.101986 0.000104
2454981.61651039 0.103455 0.000104
2454981.63694475 0.134425 0.000106
2454981.65737902 0.178793 0.000109
2454981.67781338 0.217938 0.000111
2454981.69824784 0.224076 0.000112
2454981.71868211 0.133261 0.000106
2454981.73911647 -0.164657 0.000090
2454981.75955093 -0.364119 0.000081
2454981.77998529 -0.521543 0.000074
2454981.80041956 -0.535862 0.000073
2454981.82085392 -0.482690 0.000076
2454981.84128838 -0.420905 0.000078
2454981.86172264 -0.364656 0.000081
2454981.88215700 -0.315000 0.000083
2454981.90259146 -0.271883 0.000085
2454981.92302572 -0.233013 0.000086
2454981.94346008 -0.197540 0.000088
2454981.96389444 -0.164104 0.000090
2454981.98432880 -0.132586 0.000091
2454982.00476316 -0.101210 0.000093
2454982.02519752 -0.069684 0.000095
2454982.04563178 -0.037594 0.000096
2454982.06606624 -0.006334 0.000098
2454982.08650060 0.023775 0.000100
2454982.10693486 0.050635 0.000101
2454982.12736932 0.073610 0.000103
2454982.14780368 0.091192 0.000104
2454982.16823794 0.103746 0.000104
2454982.18867229 0.112587 0.000105
2454982.20910675 0.119677 0.000105
2454982.22954111 0.124903 0.000106
2454982.24997537 0.124074 0.000105
2454982.27040982 0.108231 0.000105
2454982.29084418 0.097890 0.000104
2454982.33171279 0.160334 0.000108
2454982.35214725 0.203853 0.000110
2454982.37258151 0.227542 0.000112
2454982.39301586 0.186234 0.000109
2454982.41345032 -0.044889 0.000096
2454982.43388458 -0.295807 0.000084
2454982.45431893 -0.477391 0.000076
2454982.47475329 -0.545407 0.000073
2454982.49518764 -0.507750 0.000075
2454982.51562200 -0.445910 0.000077
2454982.53605635 -0.387156 0.000080
2454982.55649080 -0.335453 0.000082
2454982.57692506 -0.289728 0.000084
2454982.59735941 -0.248778 0.000086
2454982.61779367 -0.211747 0.000087
2454982.63822812 -0.177709 0.000089
2454982.65866247 -0.145586 0.000091
2454982.67909673 -0.114412 0.000092
2454982.69953108 -0.083077 0.000094
2454982.71996553 -0.051482 0.000095
2454982.74039988 -0.019550 0.000097
2454982.76083414 0.012192 0.000099
2454982.78126859 0.041344 0.000101
2454982.80170294 0.066503 0.000102
2454982.82213719 0.084889 0.000103
2454982.84257154 0.098388 0.000104
2454982.86300600 0.108072 0.000104
2454982.88344035 0.115348 0.000105
2454982.90387460 0.121544 0.000105
2454982.92430905 0.124481 0.000105
2454982.94474340 0.114233 0.000105
2454982.96517775 0.098463 0.000104
2454982.98561200 0.108710 0.000105
2454983.00604645 0.145172 0.000107
2454983.02648080 0.189651 0.000109
2454983.04691505 0.223657 0.000112
2454983.06734950 0.213680 0.000111
2454983.08778385 0.073891 0.000103
2454983.10821809 -0.229659 0.000087
2454983.12865244 -0.415622 0.000078
2454983.14908689 -0.541123 0.000073
2454983.16952114 -0.528047 0.000074
2454983.18995549 -0.468120 0.000076
2454983.21038993 -0.405636 0.000079
2454983.23082418 -0.351101 0.000081
2454983.25125853 -0.303760 0.000083
2454983.27169288 -0.262130 0.000085
2454983.29212732 -0.224475 0.000087
2454983.31256157 -0.189769 0.000088
2454983.33299592 -0.157264 0.000090
2454983.35343016 -0.126147 0.000092
2454983.37386461 -0.095289 0.000093
2454983.39429895 -0.063759 0.000095
2454983.41473320 -0.031492 0.000097
2454983.43516765 -0.000172 0.000098
2454983.45560199 0.029750 0.000100
2454983.47603633 0.056170 0.000101
2454983.49647058 0.077696 0.000103
2454983.51690502 0.093866 0.000104
2454983.53733937 0.104962 0.000104
2454983.55777361 0.112599 0.000105
2454983.57820806 0.119223 0.000105
2454983.59864240 0.124067 0.000105
2454983.61907664 0.120701 0.000105
2454983.63951099 0.104740 0.000104
2454983.65994543 0.102223 0.000104
2454983.68037967 0.128994 0.000106
2454983.70081402 0.171957 0.000108
2454983.72124846 0.212653 0.000111
2454983.74168280 0.224978 0.000112
2454983.76211704 0.154220 0.000107
2454983.78255138 -0.126666 0.000092
2454983.80298583 -0.341586 0.000081
2454983.82342007 -0.511171 0.000074
2454983.84385441 -0.542593 0.000073
2454983.86428885 -0.492830 0.000075
2454983.88472309 -0.430017 0.000078
2454983.90515743 -0.372820 0.000080
2454983.92559177 -0.322538 0.000082
2454983.94602611 -0.278532 0.000084
2454983.96646045 -0.238997 0.000086
2454983.98689479 -0.203575 0.000088
2454984.00732903 -0.169697 0.000089
2454984.02776347 -0.137911 0.000091
2454984.04819781 -0.106450 0.000093
2454984.06863205 -0.074905 0.000094
2454984.08906648 -0.042491 0.000096
2454984.10950082 -0.010437 0.000098
2454984.12993506 0.019813 0.000099
2454984.15036940 0.047539 0.000101
2454984.17080384 0.070490 0.000102
2454984.19123808 0.088412 0.000103
2454984.21167241 0.101130 0.000104
2454984.23210685 0.110314 0.000105
2454984.25254119 0.117660 0.000105
2454984.27297542 0.124016 0.000105
2454984.29340976 0.124754 0.000105
2454984.31384420 0.110720 0.000105
2454984.33427843 0.099412 0.000104
2454984.35471277 0.117423 0.000105
2454984.37514720 0.156315 0.000107
2454984.39558144 0.200139 0.000110
2454984.41601577 0.226858 0.000112
2454984.43645011 0.197665 0.000110
2454984.45688444 -0.002669 0.000098
2454984.47731878 -0.274174 0.000084
2454984.49775311 -0.456522 0.000077
2454984.51818745 -0.546443 0.000073
2454984.53862178 -0.515877 0.000074
2454984.55905611 -0.453699 0.000077
2454984.57949045 -0.393532 0.000079
2454984.59992488 -0.340634 0.000081
2454984.62035911 -0.294648 0.000084
2454984.64079345 -0.253843 0.000085
2454984.68166211 -0.182133 0.000089
2454984.70209644 -0.149296 0.000091
2454984.72253078 -0.118145 0.000092
2454984.74296511 -0.087031 0.000094
2454984.76339944 -0.055294 0.000095
2454984.78383377 -0.023196 0.000097
2454984.80426800 0.007629 0.000099
2454984.82470243 0.036549 0.000100
2454984.84513676 0.061734 0.000102
2454984.86557099 0.082031 0.000103
2454984.88600542 0.096928 0.000104
2454984.90643975 0.107222 0.000104
2454984.92687398 0.114766 0.000105
2454984.94730831 0.120913 0.000105
2454984.96774274 0.124083 0.000105
2454984.98817707 0.115989 0.000105
2454985.00861130 0.099557 0.000104
2454985.02904573 0.106099 0.000104
2454985.04948006 0.139787 0.000106
2454985.06991428 0.183874 0.000109
2454985.09034861 0.220377 0.000111
2454985.11078304 0.219013 0.000111
2454985.13121727 0.107883 0.000104
2454985.15165160 -0.196135 0.000088
2454985.17208592 -0.385457 0.000080
2454985.19252025 -0.531692 0.000074
2454985.21295458 -0.533901 0.000073
2454985.23338890 -0.477030 0.000076
2454985.25382333 -0.414804 0.000078
2454985.27425756 -0.359337 0.000081
2454985.31512611 -0.267859 0.000085
2454985.33556053 -0.229458 0.000087
2454985.35599486 -0.194427 0.000088
2454985.37642908 -0.161523 0.000090
2454985.39686351 -0.129633 0.000091
2454985.41729783 -0.098388 0.000093
2454985.43773216 -0.066706 0.000095
2454985.45816638 -0.034534 0.000096
2454985.47860080 -0.002898 0.000098
2454985.49903513 0.026862 0.000100
2454985.51946935 0.054033 0.000101
2454985.53990377 0.076121 0.000103
2454985.56033810 0.092842 0.000104
2454985.58077232 0.103893 0.000104
2454985.60120664 0.112437 0.000105
2454985.62164107 0.119747 0.000105
2454985.64207529 0.123883 0.000105
2454985.68294393 0.103423 0.000104
2454985.70337825 0.100149 0.000104
2454985.72381257 0.126256 0.000106
2454985.74424689 0.165711 0.000108
2454985.76468132 0.205149 0.000110
2454985.78511554 0.224732 0.000111
2454985.80554986 0.173223 0.000108
2454985.82598408 -0.081960 0.000094
2454985.84641850 -0.313791 0.000083
2454985.86685282 -0.490246 0.000075
2454985.88728704 -0.542860 0.000073
2454985.90772146 -0.499311 0.000075
2454985.92815577 -0.437430 0.000077
2454985.94859009 -0.380160 0.000080
2454985.96902431 -0.329350 0.000082
2454985.98945873 -0.284730 0.000084
2454986.00989305 -0.245464 0.000086
2454986.03032727 -0.209422 0.000087
2454986.05076168 -0.174625 0.000089
2454986.07119600 -0.141815 0.000091
2454986.09163022 -0.110000 0.000092
2454986.11206454 -0.078668 0.000094
2454986.13249895 -0.046592 0.000096
2454986.15293317 -0.014625 0.000097
2454986.17336749 0.016160 0.000099
2454986.19380180 0.044782 0.000101
2454986.21423622 0.071316 0.000102
2454986.23467053 0.091981 0.000104
2454986.25510475 0.106322 0.000105
2454986.27553916 0.115421 0.000105
2454986.29597348 0.121685 0.000105
2454986.31640769 0.126099 0.000106
2454986.33684201 0.124535 0.000105
2454986.35727632 0.111505 0.000105
2454986.37771064 0.096552 0.000104
2454986.39814495 0.110578 0.000105
2454986.41857937 0.149053 0.000107
2454986.43901368 0.194133 0.000110
2454986.45944789 0.225684 0.000112
2454986.47988221 0.206564 0.000110
2454986.50031662 0.039648 0.000100
2454986.52075083 -0.250080 0.000086
2454986.54118514 -0.430456 0.000078
2454986.56161956 -0.540374 0.000073
2454986.58205377 -0.520181 0.000074
2454986.60248808 -0.459522 0.000076
2454986.62292239 -0.398760 0.000079
2454986.64335670 -0.345275 0.000081
2454986.66379101 -0.298864 0.000083
2454986.68422532 -0.257969 0.000085
2454986.70465954 -0.221002 0.000087
2454986.72509395 -0.186531 0.000089
2454986.74552826 -0.153989 0.000090
2454986.76596247 -0.121961 0.000092
2454986.78639688 -0.090550 0.000093
2454986.80683118 -0.058564 0.000095
2454986.82726539 -0.026647 0.000097
2454986.84769970 0.004835 0.000099
2454986.86813411 0.034106 0.000100
2454986.88856832 0.059691 0.000102
2454986.90900263 0.080669 0.000103
2454986.92943704 0.096075 0.000104
2454986.94987135 0.106632 0.000104
2454986.97030555 0.114239 0.000105
2454986.99073986 0.120481 0.000105
2454987.01117427 0.125113 0.000106
2454987.03160847 0.118847 0.000105
2454987.05204278 0.100276 0.000104
2454987.07247719 0.101505 0.000104
2454987.09291139 0.132512 0.000106
2454987.11334570 0.176919 0.000109
2454987.13378001 0.216481 0.000111
2454987.15421431 0.223210 0.000112
2454987.17464862 0.134105 0.000106
2454987.19508292 -0.162212 0.000090
2454987.21551723 -0.359181 0.000081
2454987.23595153 -0.518826 0.000074
2454987.25638584 -0.536620 0.000073
2454987.27682004 -0.483133 0.000075
2454987.29725445 -0.420703 0.000078
2454987.31768875 -0.365459 0.000080
2454987.33812295 -0.317188 0.000082
2454987.35855726 -0.274078 0.000084
2454987.37899166 -0.235409 0.000086
2454987.39942586 -0.199674 0.000088
2454987.41986017 -0.166069 0.000090
2454987.44029457 -0.133917 0.000091
2454987.46072887 -0.102314 0.000093
2454987.48116307 -0.070652 0.000094
2454987.50159738 -0.038487 0.000096
2454987.52203178 -0.007129 0.000098
2454987.54246598 0.023429 0.000100
2454987.56290028 0.050560 0.000101
2454987.58333468 0.073082 0.000102
2454987.60376888 0.090459 0.000103
2454987.62420318 0.102616 0.000104
2454987.64463748 0.110983 0.000105
2454987.66507178 0.114940 0.000105
2454987.68550608 0.119444 0.000105
2454987.70594038 0.117698 0.000105
2454987.72637478 0.101315 0.000104
2454987.74680898 0.092375 0.000103
2454987.76724328 0.114627 0.000105
2454987.78767758 0.157528 0.000107
2454987.80811188 0.203796 0.000110
2454987.82854617 0.226890 0.000112
2454987.84898037 0.187127 0.000109
2454987.86941477 -0.041529 0.000096
2454987.88984907 -0.295502 0.000083
2454987.91028337 -0.475487 0.000076
2454987.93071766 -0.546174 0.000073
2454987.95115196 -0.508445 0.000074
2454987.97158626 -0.446230 0.000077
2454987.99202055 -0.386868 0.000079
2454988.01245475 -0.334278 0.000082
2454988.03288914 -0.288567 0.000084
2454988.05332344 -0.248202 0.000086
2454988.07375764 -0.211547 0.000087
2454988.09419203 -0.177448 0.000089
2454988.11462633 -0.144884 0.000090
2454988.13506052 -0.113470 0.000092
2454988.15549482 -0.081826 0.000094
2454988.17592921 -0.050209 0.000096
2454988.19636350 -0.018519 0.000097
2454988.21679770 0.012652 0.000099
2454988.23723199 0.041161 0.000101
2454988.25766639 0.066032 0.000102
2454988.29853487 0.099095 0.000104
2454988.31896926 0.108364 0.000104
2454988.33940346 0.115234 0.000105
2454988.35983775 0.121205 0.000105
2454988.38027204 0.124799 0.000105
2454988.40070633 0.115667 0.000105
2454988.42114062 0.099361 0.000104
2454988.44157492 0.107992 0.000104
2454988.46200931 0.143582 0.000106
2454988.48244350 0.188076 0.000109
2454988.50287779 0.221967 0.000111
2454988.52331198 0.212826 0.000111
2454988.54374637 0.077768 0.000103
2454988.58461485 -0.407061 0.000078
2454988.60504924 -0.535566 0.000073
2454988.62548353 -0.525960 0.000074
2454988.64591782 -0.466942 0.000076
2454988.66635201 -0.405487 0.000079
2454988.68678639 -0.351016 0.000081
2454988.70722068 -0.303855 0.000083
2454988.72765487 -0.262015 0.000085
2454988.74808916 -0.224694 0.000087
2454988.76852355 -0.189850 0.000088
2454988.78895773 -0.157302 0.000090
2454988.80939202 -0.125880 0.000092
2454988.82982641 -0.094894 0.000093
2454988.85026060 -0.063032 0.000095
2454988.87069488 -0.031048 0.000097
2454988.89112917 0.000673 0.000098
2454988.91156355 0.030304 0.000100
2454988.93199774 0.056531 0.000101
2454988.95243203 0.077818 0.000103
2454988.97286641 0.093754 0.000104
2454988.99330060 0.104616 0.000104
2454989.01373488 0.112230 0.000105
2454989.03416907 0.119075 0.000105
2454989.05460345 0.124443 0.000105
2454989.07503773 0.120740 0.000105
2454989.09547202 0.103224 0.000104
2454989.11590630 0.099222 0.000104
2454989.13634059 0.125734 0.000105
2454989.15677487 0.168602 0.000108
2454989.17720905 0.209402 0.000111
2454989.19764344 0.222941 0.000111
2454989.21807772 0.154805 0.000107
2454989.23851190 -0.124812 0.000092
2454989.25894618 -0.338812 0.000082
2454989.27938056 -0.509820 0.000074
2454989.29981475 -0.543164 0.000073
2454989.32024903 -0.492617 0.000075
2454989.34068341 -0.429737 0.000078
2454989.36111759 -0.371979 0.000080
2454989.38155187 -0.321852 0.000082
2454989.40198615 -0.277928 0.000084
2454989.42242053 -0.238769 0.000086
2454989.44285471 -0.203118 0.000088
2454989.46328899 -0.170106 0.000089
2454989.48372337 -0.138096 0.000091
2454989.50415755 -0.107231 0.000093
2454989.52459183 -0.075634 0.000094
2454989.54502611 -0.043438 0.000096
2454989.56546039 -0.011586 0.000098
2454989.58589467 0.018920 0.000099
2454989.60632894 0.046647 0.000101
2454989.62676322 0.070081 0.000102
2454989.64719750 0.088251 0.000103
2454989.66763178 0.101098 0.000104
2454989.68806605 0.110030 0.000105
2454989.70850033 0.117414 0.000105
2454989.72893461 0.124978 0.000105
2454989.74936888 0.126105 0.000106
2454989.76980306 0.114086 0.000105
2454989.79023744 0.102193 0.000104
2454989.81067171 0.118617 0.000105
2454989.83110599 0.156545 0.000107
2454989.85154026 0.198937 0.000110
2454989.87197454 0.225906 0.000112
2454989.89240881 0.198274 0.000110
2454989.91284299 0.004256 0.000098
2454989.93327736 -0.270409 0.000085
2454989.95371164 -0.450918 0.000077
2454989.97414581 -0.542999 0.000073
2454989.99458019 -0.513342 0.000074
2454990.01501446 -0.452073 0.000077
2454990.03544863 -0.392483 0.000079
2454990.05588290 -0.340124 0.000081
2454990.07631728 -0.294154 0.000084
2454990.09675145 -0.253333 0.000085
2454990.11718572 -0.216634 0.000087
2454990.13762009 -0.182311 0.000089
2454990.15805437 -0.149867 0.000090
2454990.17848854 -0.118184 0.000092
2454990.19892281 -0.086471 0.000094
2454990.21935718 -0.054681 0.000095
2454990.23979135 -0.022716 0.000097
2454990.26022562 0.008067 0.000099
2454990.28065989 0.036796 0.000100
2454990.30109416 0.061594 0.000102
2454990.32152843 0.081568 0.000103
2454990.34196270 0.095831 0.000104
2454990.36239697 0.106206 0.000104
2454990.38283124 0.113555 0.000105
2454990.40326551 0.120251 0.000105
2454990.42369968 0.123656 0.000105
2454990.44413405 0.116129 0.000105
2454990.46456832 0.099480 0.000104
2454990.48500248 0.105045 0.000104
2454990.50543685 0.138675 0.000106
2454990.52587112 0.183024 0.000109
2454990.54630529 0.220093 0.000111
2454990.56673955 0.219672 0.000111
2454990.58717392 0.109588 0.000104
2454990.60760809 -0.194311 0.000088
2454990.62804235 -0.379492 0.000080
2454990.64847672 -0.523456 0.000074
2454990.66891099 -0.528741 0.000074
2454990.68934515 -0.473762 0.000076
2454990.70977942 -0.412891 0.000078
2454990.73021378 -0.358358 0.000081
2454990.75064795 -0.310335 0.000083
2454990.77108221 -0.267375 0.000085
2454990.79151658 -0.229238 0.000086
2454990.81195074 -0.194112 0.000088
2454990.83238501 -0.161547 0.000090
2454990.85281927 -0.129838 0.000091
2454990.87325353 -0.098756 0.000093
2454990.89368780 -0.067231 0.000095
2454990.91412206 -0.035183 0.000096
2454990.93455622 -0.003534 0.000098
2454990.95499058 0.026676 0.000100
2454990.97542485 0.053422 0.000101
2454990.99585901 0.075631 0.000102
2454991.01629337 0.092273 0.000103
2454991.03672763 0.103687 0.000104
2454991.05716179 0.111816 0.000105
2454991.07759606 0.118399 0.000105
2454991.09803042 0.123679 0.000105
2454991.11846468 0.121638 0.000105
2454991.13889884 0.104552 0.000104
2454991.15933320 0.097275 0.000104
2454991.17976746 0.121904 0.000105
2454991.20020162 0.164930 0.000108
2454991.22063588 0.207817 0.000110
2454991.24107024 0.226238 0.000112
2454991.28193865 -0.081460 0.000094
2454991.30237301 -0.312066 0.000083
2454991.32280727 -0.488995 0.000075
2454991.34324143 -0.543178 0.000073
2454991.36367569 -0.500178 0.000075
2454991.38411004 -0.438835 0.000077
2454991.40454430 -0.380796 0.000080
2454991.42497846 -0.329421 0.000082
2454991.44541272 -0.283719 0.000084
2454991.46584707 -0.243266 0.000086
2454991.48628123 -0.206296 0.000088
2454991.50671548 -0.172703 0.000089
2454991.52714984 -0.140674 0.000091
2454991.54758400 -0.109105 0.000092
2454991.56801825 -0.077988 0.000094
2454991.58845251 -0.045798 0.000096
2454991.60888676 -0.013830 0.000097
2454991.62932102 0.016792 0.000099
2454991.64975527 0.044901 0.000101
2454991.67018963 0.068579 0.000102
2454991.69062378 0.086911 0.000103
2454991.71105803 0.100165 0.000104
2454991.73149219 0.109294 0.000104
2454991.75192654 0.115712 0.000105
2454991.77236079 0.121364 0.000105
2454991.79279505 0.123565 0.000105
2454991.81322930 0.111809 0.000105
2454991.83366355 0.097338 0.000104
2454991.85409780 0.110196 0.000105
2454991.87453195 0.148611 0.000107
2454991.89496631 0.193399 0.000110
2454991.91540056 0.224833 0.000112
2454991.93583471 0.207784 0.000110
2454991.95626906 0.044060 0.000101
2454991.97670331 -0.249415 0.000086
2454991.99713746 -0.429196 0.000078
2454992.01757171 -0.538039 0.000073
2454992.03800606 -0.518567 0.000074
2454992.05844021 -0.459442 0.000076
2454992.07887446 -0.399122 0.000079
2454992.09930871 -0.345461 0.000081
2454992.11974306 -0.298533 0.000083
2454992.14017721 -0.257002 0.000085
2454992.16061145 -0.220252 0.000087
2454992.18104580 -0.185988 0.000089
2454992.20147995 -0.153524 0.000090
2454992.22191420 -0.122395 0.000092
2454992.24234835 -0.091167 0.000093
2454992.26278269 -0.059084 0.000095
2454992.28321694 -0.026626 0.000097
2454992.30365119 0.005132 0.000098
2454992.32408543 0.034654 0.000100
2454992.34451968 0.060417 0.000102
2454992.36495393 0.081185 0.000103
2454992.38538807 0.096071 0.000104
2454992.40582242 0.106246 0.000104
2454992.42625666 0.113565 0.000105
2454992.44669081 0.119568 0.000105
2454992.46712515 0.124031 0.000105
2454992.48755940 0.118118 0.000105
2454992.50799354 0.100181 0.000104
2454992.52842778 0.100873 0.000104
2454992.54886213 0.130882 0.000106
2454992.56929627 0.174871 0.000108
2454992.58973052 0.213898 0.000111
2454992.61016476 0.220667 0.000111
2454992.63059910 0.134106 0.000106
2454992.65103324 -0.159877 0.000090
2454992.67146749 -0.357327 0.000081
2454992.69190183 -0.515244 0.000074
2454992.71233597 -0.533819 0.000073
2454992.73277021 -0.481570 0.000076
2454992.75320445 -0.419446 0.000078
2454992.77363869 -0.363579 0.000080
2454992.79407294 -0.314721 0.000083
2454992.81450718 -0.271808 0.000085
2454992.83494142 -0.233205 0.000086
2454992.85537566 -0.197923 0.000088
2454992.87580990 -0.164646 0.000090
2454992.89624404 -0.133017 0.000091
2454992.91667838 -0.101522 0.000093
2454992.93711261 -0.070296 0.000094
2454992.95754685 -0.038361 0.000096
2454992.97798109 -0.006908 0.000098
2454992.99841533 0.023305 0.000100
2454993.01884957 0.050376 0.000101
2454993.03928381 0.072870 0.000102
2454993.05971804 0.090412 0.000103
2454993.08015228 0.102538 0.000104
2454993.10058652 0.110878 0.000105
2454993.12102066 0.117299 0.000105
2454993.14145499 0.122901 0.000105
2454993.16188923 0.122569 0.000105
2454993.18232337 0.107113 0.000104
2454993.20275770 0.097032 0.000104
2454993.22319194 0.117332 0.000105
2454993.24362607 0.158533 0.000107
2454993.26406031 0.202133 0.000110
2454993.28449464 0.226099 0.000112
2454993.30492878 0.187523 0.000109
2454993.32536301 -0.038647 0.000096
2454993.34579735 -0.293089 0.000083
2454993.36623158 -0.471226 0.000076
2454993.38666571 -0.542617 0.000073
2454993.40709995 -0.505055 0.000075
2454993.42753428 -0.442685 0.000077
2454993.44796841 -0.384998 0.000080
2454993.46840265 -0.333690 0.000082
2454993.48883698 -0.288925 0.000084
2454993.50927111 -0.248606 0.000086
2454993.52970534 -0.211560 0.000087
2454993.55013958 -0.177742 0.000089
2454993.57057381 -0.145728 0.000091
2454993.59100804 -0.114158 0.000092
2454993.61144227 -0.082915 0.000094
2454993.63187640 -0.051297 0.000095
2454993.65231073 -0.019374 0.000097
2454993.67274496 0.011377 0.000099
2454993.69317909 0.039795 0.000100
2454993.71361342 0.064504 0.000102
2454993.73404765 0.084184 0.000103
2454993.75448178 0.098539 0.000104
2454993.77491601 0.108590 0.000104
2454993.79535034 0.115975 0.000105
2454993.81578457 0.122283 0.000105
2454993.83621869 0.125000 0.000105
2454993.85665302 0.114796 0.000105
2454993.87708725 0.097639 0.000104
2454993.89752138 0.105444 0.000104
2454993.91795561 0.140668 0.000106
2454993.93838993 0.186039 0.000109
2454993.95882406 0.220947 0.000111
2454993.97925829 0.213157 0.000111
2454993.99969261 0.079975 0.000103
2454994.02012674 -0.223310 0.000087
2454994.04056096 -0.406594 0.000079
2454994.06099519 -0.535661 0.000073
2454994.08142941 -0.526997 0.000074
2454994.10186364 -0.468082 0.000076
2454994.12229786 -0.406460 0.000079
2454994.14273219 -0.352270 0.000081
2454994.16316631 -0.304330 0.000083
2454994.18360054 -0.261973 0.000085
2454994.20403466 -0.224033 0.000087
2454994.22446899 -0.188825 0.000088
2454994.26533743 -0.125740 0.000092
2454994.28577155 -0.093002 0.000093
2454994.30620588 -0.061447 0.000095
2454994.32664010 -0.029684 0.000097
2454994.34707422 0.001476 0.000098
2454994.36750854 0.030962 0.000100
2454994.38794277 0.056830 0.000101
2454994.40837689 0.077778 0.000103
2454994.42881111 0.093992 0.000104
2454994.44924543 0.105111 0.000104
2454994.46967955 0.112843 0.000105
2454994.49011377 0.119298 0.000105
2454994.51054809 0.123825 0.000105
2454994.53098221 0.119794 0.000105
2454994.55141643 0.102186 0.000104
2454994.57185065 0.098758 0.000104
2454994.59228497 0.126434 0.000106
2454994.61271909 0.170154 0.000108
2454994.63315330 0.210767 0.000111
2454994.65358762 0.224116 0.000111
2454994.67402184 0.157356 0.000107
2454994.69445596 -0.118397 0.000092
2454994.71489018 -0.333753 0.000082
2454994.73532449 -0.502824 0.000075
2454994.75575861 -0.536896 0.000073
2454994.77619283 -0.488677 0.000075
2454994.79662704 -0.428336 0.000078
2454994.81706126 -0.373320 0.000080
2454994.83749548 -0.324015 0.000082
2454994.85792969 -0.279586 0.000084
2454994.87836401 -0.239329 0.000086
2454994.89879812 -0.203186 0.000088
2454994.91923234 -0.170471 0.000089
2454994.93966645 -0.138012 0.000091
2454994.96010077 -0.106441 0.000093
2454994.98053498 -0.074209 0.000094
2454995.00096920 -0.042729 0.000096
2454995.02140341 -0.011107 0.000098
2454995.04183762 0.019408 0.000099
2454995.06227184 0.046645 0.000101
2454995.08270595 0.069540 0.000102
2454995.10314026 0.087211 0.000103
2454995.12357448 0.100074 0.000104
2454995.14400859 0.109086 0.000104
2454995.16444290 0.115844 0.000105
2454995.18487711 0.121999 0.000105
2454995.20531122 0.123193 0.000105
2454995.22574543 0.109130 0.000104
2454995.24617975 0.095545 0.000104
2454995.26661386 0.111937 0.000105
2454995.28704807 0.151638 0.000107
2454995.30748238 0.196268 0.000110
2454995.32791659 0.224436 0.000111
2454995.34835070 0.198630 0.000110
2454995.36878491 0.007967 0.000099
2454995.38921922 -0.269758 0.000085
2454995.40965333 -0.450239 0.000077
2454995.43008753 -0.542795 0.000073
2454995.45052164 -0.513272 0.000074
2454995.47095595 -0.452127 0.000077
2454995.49139016 -0.392240 0.000079
2454995.51182377 -0.339882 0.000081
2454995.53225807 -0.293856 0.000083
2454995.55269218 -0.253102 0.000085
2454995.57312639 -0.215404 0.000087
2454995.59356060 -0.181320 0.000089
2454995.61399490 -0.149023 0.000090
2454995.63442901 -0.117562 0.000092
2454995.65486321 -0.086519 0.000093
2454995.67529752 -0.054934 0.000095
2454995.69573163 -0.023136 0.000097
2454995.71616583 0.008033 0.000099
2454995.73660004 0.037114 0.000100
2454995.75703424 0.062456 0.000102
2454995.77746844 0.082562 0.000103
2454995.79790265 0.097540 0.000104
2454995.81833685 0.107402 0.000104
2454995.83877106 0.114481 0.000105
2454995.85920526 0.120538 0.000105
2454995.87963936 0.124286 0.000105
2454995.90007367 0.116371 0.000105
2454995.92050787 0.098832 0.000104
2454995.94094197 0.102801 0.000104
2454995.96137617 0.136188 0.000106
2454995.98181048 0.180441 0.000109
2454996.00224458 0.217964 0.000111
2454996.02267878 0.218807 0.000111
2454996.04311308 0.112750 0.000104
2454996.06354728 -0.191985 0.000088
2454996.08398138 -0.379440 0.000080
2454996.10441558 -0.524351 0.000074
2454996.12484988 -0.528936 0.000074
2454996.14528398 -0.473678 0.000076
2454996.16571818 -0.412626 0.000078
2454996.18615248 -0.357865 0.000081
2454996.20658658 -0.310193 0.000083
2454996.22702078 -0.267412 0.000085
2454996.24745498 -0.229167 0.000086
2454996.26788918 -0.193903 0.000088
2454996.28832337 -0.160963 0.000090
2454996.30875757 -0.129248 0.000091
2454996.32919187 -0.098330 0.000093
2454996.34962597 -0.067213 0.000094
2454996.37006016 -0.036216 0.000096
2454996.39049426 -0.004901 0.000098
2454996.41092856 0.024950 0.000099
2454996.43136275 0.052210 0.000101
2454996.45179685 0.075224 0.000102
2454996.47223114 0.092307 0.000103
2454996.49266534 0.103968 0.000104
2454996.51309954 0.111793 0.000104
2454996.53353363 0.117733 0.000105
2454996.55396793 0.122447 0.000105
2454996.57440212 0.120599 0.000105
2454996.59483621 0.104158 0.000104
2454996.61527041 0.096438 0.000103
2454996.63570470 0.120449 0.000105
2454996.65613879 0.163123 0.000108
2454996.67657299 0.206610 0.000110
2454996.69700728 0.226700 0.000112
2454996.71744137 0.175216 0.000108
2454996.73787557 -0.077453 0.000094
2454996.75830976 -0.311414 0.000083
2454996.77874395 -0.488420 0.000075
2454996.79917814 -0.542679 0.000073
2454996.81961233 -0.499169 0.000075
2454996.84004662 -0.436667 0.000077
2454996.86048072 -0.377993 0.000080
2454996.88091491 -0.326681 0.000082
2454996.90134900 -0.282206 0.000084
2454996.92178329 -0.242959 0.000086
2454996.94221748 -0.206858 0.000087
2454996.96265167 -0.173169 0.000089
2454996.98308586 -0.141136 0.000091
2454997.00352004 -0.110205 0.000092
2454997.02395423 -0.079012 0.000094
2454997.04438832 -0.047693 0.000095
2454997.06482261 -0.015949 0.000097
2454997.08525680 0.014617 0.000099
2454997.10569099 0.042724 0.000100
2454997.12612507 0.066987 0.000102
2454997.14655936 0.085273 0.000103
2454997.16699345 0.098901 0.000104
2454997.18742764 0.107947 0.000104
2454997.20786192 0.114803 0.000105
2454997.24873019 0.122796 0.000105
2454997.26916438 0.111046 0.000104
2454997.28959857 0.095502 0.000103
2454997.31003275 0.107278 0.000104
2454997.33046694 0.144639 0.000106
2454997.35090122 0.190583 0.000109
2454997.37133540 0.222897 0.000111
2454997.39176949 0.207615 0.000110
2454997.41220367 0.049313 0.000101
2454997.43263786 -0.245799 0.000085
2454997.45307204 -0.426489 0.000078
2454997.47350622 -0.538702 0.000073
2454997.49394051 -0.520301 0.000074
2454997.51437459 -0.460134 0.000076
2454997.53480877 -0.399088 0.000079
2454997.55524295 -0.346024 0.000081
2454997.57567713 -0.299179 0.000083
2454997.59611132 -0.258007 0.000085
2454997.61654550 -0.220881 0.000087
2454997.63697958 -0.186012 0.000088
2454997.65741386 -0.153396 0.000090
2454997.67784804 -0.121718 0.000091
2454997.69828222 -0.090160 0.000093
2454997.71871640 -0.058516 0.000095
2454997.73915058 -0.026975 0.000096
2454997.75958476 0.004210 0.000098
2454997.78001884 0.032969 0.000100
2454997.80045312 0.058634 0.000101
2454997.82088730 0.079262 0.000102
2454997.84132137 0.094978 0.000103
2454997.86175565 0.104531 0.000104
2454997.88218983 0.110514 0.000104
2454997.90262391 0.115616 0.000104
2454997.92305809 0.216004 0.000114
2454997.94349236 0.117519 0.000105
2454997.96392644 0.099206 0.000103
2454997.98436062 0.100637 0.000104
