# # KIC 4484128 Kepler PDCSAP converted to OGLE-like format
# # columns: JD  mag  mag_err
2454964.51219937 0.017964 0.000589
2454964.53263408 0.141091 0.000656
2454964.55306868 0.164326 0.000668
2454964.57350319 0.187137 0.000678
2454964.59393779 0.207930 0.000688
2454964.61437249 0.227639 0.000697
2454964.63480700 0.217790 0.000689
2454964.65524160 0.183977 0.000670
2454964.67567631 0.186415 0.000671
2454964.69611091 0.223587 0.000691
2454964.71654541 0.271999 0.000719
2454964.73698002 0.315682 0.000744
2454964.75741472 0.286415 0.000726
2454964.77784922 0.034365 0.000596
2454964.79828383 -0.542565 0.000387
2454964.81871853 -0.805032 0.000321
2454964.83915303 -0.731104 0.000338
2454964.85958764 -0.625971 0.000365
2454964.88002224 -0.531981 0.000390
2454964.90045684 -0.441110 0.000417
2454964.92089145 -0.355246 0.000444
2454964.94132605 -0.272715 0.000472
2454964.96176065 -0.194417 0.000501
2454964.98219525 -0.127399 0.000526
2454965.00262986 -0.072466 0.000549
2454965.02306436 -0.028733 0.000568
2454965.04349906 0.006872 0.000584
2454965.06393366 0.039226 0.000598
2454965.08436817 0.068406 0.000612
2454965.10480277 0.091897 0.000623
2454965.12523747 0.121496 0.000638
2454965.14567197 0.152944 0.000654
2454965.16610658 0.179957 0.000667
2454965.18654128 0.187215 0.000672
2454965.20697588 0.166368 0.000661
2454965.22741038 0.155963 0.000655
2454965.24784499 0.198257 0.000678
2454965.26827969 0.262283 0.000713
2454965.28871419 0.314137 0.000744
2454965.30914879 0.264438 0.000715
2454965.32958349 -0.057550 0.000556
2454965.35001800 -0.548820 0.000386
2454965.37045260 -0.731029 0.000339
2454965.39088720 -0.679471 0.000351
2454965.41132180 -0.597903 0.000372
2454965.43175640 -0.519205 0.000394
2454965.45219100 -0.442203 0.000417
2454965.47262570 -0.364451 0.000441
2454965.49306021 -0.287414 0.000467
2454965.51349481 -0.213300 0.000493
2454965.53392931 -0.149426 0.000518
2454965.55436401 -0.094556 0.000540
2454965.57479861 -0.047435 0.000560
2454965.59523311 -0.005313 0.000579
2454965.61566781 0.030453 0.000595
2454965.63610241 0.062316 0.000610
2454965.65653702 0.091281 0.000624
2454965.67697152 0.121949 0.000639
2454965.69740622 0.156521 0.000656
2454965.71784082 0.185468 0.000671
2454965.73827532 0.188133 0.000673
2454965.75871002 0.180592 0.000669
2454965.77914462 0.204094 0.000682
2454965.79957912 0.248948 0.000706
2454965.82001372 0.297175 0.000734
2454965.84044842 0.323653 0.000750
2454965.86088292 0.220681 0.000690
2454965.88131752 -0.162964 0.000513
2454965.90175222 -0.691469 0.000348
2454965.92218672 -0.798919 0.000323
2454965.94262132 -0.699315 0.000346
2454965.96305592 -0.597517 0.000373
2454965.98349062 -0.503249 0.000399
2454966.00392512 -0.413150 0.000425
2454966.02435972 -0.327584 0.000454
2454966.04479432 -0.245545 0.000482
2454966.06522892 -0.171906 0.000510
2454966.08566352 -0.109474 0.000535
2454966.10609812 -0.058018 0.000556
2454966.12653272 -0.014555 0.000575
2454966.14696732 0.022824 0.000592
2454966.16740192 0.052459 0.000606
2454966.18783652 0.080858 0.000620
2454966.20827122 0.107002 0.000632
2454966.22870572 0.136606 0.000647
2454966.24914032 0.169000 0.000664
2454966.26957492 0.193135 0.000676
2454966.29000951 0.192145 0.000675
2454966.31044411 0.164810 0.000661
2454966.33087861 0.170867 0.000665
2454966.35131331 0.220275 0.000691
2454966.37174791 0.283271 0.000726
2454966.39218251 0.312217 0.000744
2454966.41261711 0.188875 0.000673
2454966.43305171 -0.257332 0.000478
2454966.45348630 -0.669470 0.000354
2454966.47392080 -0.717400 0.000342
2454966.49435550 -0.636891 0.000363
2454966.51479010 -0.555537 0.000384
2454966.53522460 -0.480324 0.000406
2454966.55565930 -0.404701 0.000429
2454966.57609389 -0.327248 0.000454
2454966.59652839 -0.252498 0.000480
2454966.61696299 -0.182266 0.000506
2454966.63739769 -0.124809 0.000528
2454966.65783229 -0.075051 0.000549
2454966.67826678 -0.030196 0.000568
2454966.69870148 0.007212 0.000585
2454966.71913608 0.040823 0.000600
2454966.73957058 0.067830 0.000613
2454966.76000518 0.098052 0.000628
2454966.78043987 0.128161 0.000642
2454966.80087437 0.164634 0.000661
2454966.82130897 0.185278 0.000672
2454966.84174357 0.175715 0.000668
2454966.86217816 0.179240 0.000669
2454966.88261276 0.214941 0.000688
2454966.90304736 0.265632 0.000717
2454966.92348195 0.314968 0.000746
2454966.94391655 0.309945 0.000743
2454966.96435115 0.111542 0.000635
2454966.98478564 -0.387264 0.000434
2454967.00522034 -0.723414 0.000345
2454967.02565494 -0.760035 0.000332
2454967.04608943 -0.658970 0.000357
2454967.06652413 -0.563816 0.000382
2454967.08695873 -0.473111 0.000408
2454967.10739322 -0.385644 0.000435
2454967.12782782 -0.301507 0.000463
2454967.14826252 -0.221440 0.000491
2454967.16869711 -0.148565 0.000520
2454967.18913161 -0.087284 0.000544
2454967.20956631 -0.038930 0.000565
2454967.23000090 0.001515 0.000583
2454967.25043540 0.036206 0.000599
2454967.27086999 0.066050 0.000612
2454967.29130469 0.093749 0.000626
2454967.31173919 0.120130 0.000639
2454967.33217378 0.149356 0.000654
2454967.35260848 0.181341 0.000670
2454967.37304297 0.192584 0.000676
2454967.41391216 0.174473 0.000667
2454967.43434676 0.188226 0.000674
2454967.45478135 0.240438 0.000703
2454967.47521595 0.293874 0.000733
2454967.49565064 0.282885 0.000727
2454967.51608514 0.040541 0.000601
2454967.53651973 -0.464210 0.000411
2454967.55695423 -0.723278 0.000341
2454967.57738892 -0.680665 0.000352
2454967.59782352 -0.591294 0.000375
2454967.61825801 -0.515569 0.000396
2454967.63869261 -0.441658 0.000418
2454967.65912730 -0.368456 0.000441
2454967.67956190 -0.295733 0.000466
2454967.69999649 -0.226090 0.000490
2454967.72043109 -0.161489 0.000514
2454967.74086568 -0.105252 0.000537
2454967.76130018 -0.057700 0.000557
2454967.78173477 -0.015974 0.000575
2454967.80216946 0.017909 0.000591
2454967.82260406 0.051234 0.000606
2454967.84303855 0.078949 0.000619
2454967.86347325 0.107353 0.000633
2454967.88390784 0.139157 0.000649
2454967.90434243 0.173845 0.000667
2454967.92477693 0.183349 0.000672
2454967.94521162 0.172123 0.000666
2454967.96564621 0.192242 0.000676
2454967.98608071 0.239669 0.000702
2454968.00651540 0.293755 0.000733
2454968.02694999 0.329570 0.000755
2454968.04738449 0.267645 0.000718
2454968.06781908 -0.047940 0.000561
2454968.08825377 -0.568156 0.000381
2454968.10868827 -0.750523 0.000338
2454968.12912286 -0.723255 0.000341
2454968.14955755 -0.624235 0.000366
2454968.16999215 -0.529860 0.000392
2454968.19042664 -0.441464 0.000418
2454968.21086123 -0.355404 0.000445
2454968.23129592 -0.271851 0.000474
2454968.25173042 -0.194926 0.000502
2454968.27216501 -0.126400 0.000528
2454968.29259950 -0.071105 0.000551
2454968.31303419 -0.030017 0.000569
2454968.33346879 0.016136 0.000590
2454968.35390328 0.049320 0.000605
2454968.37433797 0.078048 0.000618
2454968.39477256 0.107725 0.000633
2454968.41520715 0.136427 0.000647
2454968.43564165 0.166784 0.000663
2454968.45607634 0.191790 0.000676
2454968.47651093 0.200213 0.000680
2454968.49694542 0.196598 0.000679
2454968.51738011 0.187332 0.000674
2454968.53781470 0.206915 0.000684
2454968.55824920 0.259531 0.000713
2454968.57868379 0.297102 0.000735
2454968.59911848 0.220800 0.000691
2454968.61955297 -0.156790 0.000516
2454968.63998756 -0.621060 0.000367
2454968.66042225 -0.715098 0.000343
2454968.68085684 -0.636437 0.000363
2454968.70129133 -0.554453 0.000385
2454968.72172592 -0.482152 0.000406
2454968.74216062 -0.410513 0.000427
2454968.76259511 -0.337585 0.000451
2454968.78302970 -0.265701 0.000475
2454968.80346439 -0.198255 0.000500
2454968.82389888 -0.135006 0.000525
2454968.84433347 -0.081581 0.000547
2454968.86476806 -0.036645 0.000566
2454968.88520265 0.001783 0.000583
2454968.90563724 0.034461 0.000598
2454968.92607183 0.061138 0.000610
2454968.94650632 0.087650 0.000623
2454968.96694101 0.116334 0.000637
2454968.98737560 0.148386 0.000653
2454969.00781009 0.177720 0.000668
2454969.02824478 0.172588 0.000666
2454969.04867937 0.172960 0.000666
2454969.06911386 0.209034 0.000685
2454969.08954845 0.261414 0.000714
2454969.10998314 0.310312 0.000743
2454969.13041773 0.325369 0.000753
2454969.15085221 0.173002 0.000666
2454969.17128690 -0.258281 0.000480
2454969.19172149 -0.692385 0.000349
2454969.21215598 -0.767235 0.000331
2454969.23259057 -0.678553 0.000352
2454969.25302526 -0.586115 0.000377
2454969.27345975 -0.499555 0.000401
2454969.29389434 -0.414112 0.000426
2454969.31432903 -0.331692 0.000453
2454969.33476351 -0.249269 0.000481
2454969.35519810 -0.174416 0.000509
2454969.37563269 -0.111268 0.000534
2454969.39606728 -0.058302 0.000556
2454969.41650187 -0.012034 0.000577
2454969.43693646 0.025805 0.000594
2454969.45737114 0.061062 0.000610
2454969.47780563 0.089748 0.000624
2454969.49824022 0.118390 0.000638
2454969.51867481 0.147692 0.000653
2454969.53910940 0.177361 0.000668
2454969.55954398 0.197898 0.000679
2454969.57997857 0.202784 0.000682
2454969.60041316 0.202748 0.000682
2454969.62084775 0.202416 0.000682
2454969.64128233 0.230207 0.000697
2454969.66171692 0.279919 0.000725
2454969.68215151 0.287899 0.000730
2454969.70258609 0.116440 0.000637
2454969.72302068 -0.365756 0.000441
2454969.74345517 -0.706664 0.000345
2454969.76388985 -0.691541 0.000349
2454969.78432444 -0.603081 0.000372
2454969.80475893 -0.523172 0.000394
2454969.82519362 -0.448950 0.000416
2454969.84562820 -0.376623 0.000438
2454969.86606279 -0.303225 0.000463
2454969.88649727 -0.232388 0.000487
2454969.90693196 -0.165976 0.000513
2454969.92736655 -0.108194 0.000536
2454969.94780103 -0.061698 0.000555
2454969.96823572 -0.021627 0.000572
2454969.98867030 0.013746 0.000589
2454970.00910479 0.043833 0.000602
2454970.02953938 0.070689 0.000614
2454970.04997406 0.097486 0.000628
2454970.07040855 0.129709 0.000643
2454970.09084313 0.163940 0.000661
2454970.11127782 0.178041 0.000669
2454970.13171230 0.164403 0.000661
2454970.15214689 0.178237 0.000668
2454970.17258147 0.228193 0.000696
2454970.19301616 0.284527 0.000728
2454970.21345065 0.327322 0.000753
2454970.23388523 0.295517 0.000734
2454970.25431971 0.034605 0.000598
2454970.27475440 -0.444394 0.000417
2454970.29518898 -0.738857 0.000337
2454970.31562347 -0.720702 0.000342
2454970.33605815 -0.634938 0.000363
2454970.35649274 -0.552252 0.000385
2454970.39736181 -0.383682 0.000436
2454970.41779649 -0.299051 0.000464
2454970.43823107 -0.220337 0.000492
2454970.45866556 -0.151409 0.000518
2454970.47910024 -0.094148 0.000541
2454970.49953483 -0.044802 0.000562
2454970.51996931 -0.002222 0.000581
2454970.54040389 0.035430 0.000598
2454970.56083858 0.066837 0.000612
2454970.58127306 0.096104 0.000627
2454970.60170764 0.124513 0.000641
2454970.62214233 0.155133 0.000656
2454970.64257691 0.182442 0.000671
2454970.66301139 0.198288 0.000679
2454970.68344598 0.201672 0.000682
2454970.70388066 0.212833 0.000687
2454970.72431514 0.222140 0.000692
2454970.74474973 0.254420 0.000710
2454970.76518441 0.288924 0.000730
2454970.78561889 0.246683 0.000706
2454970.80605347 -0.063818 0.000554
2454970.82648796 -0.561866 0.000383
2454970.84692264 -0.724825 0.000341
2454970.86735722 -0.649366 0.000359
2454970.88779180 -0.563570 0.000382
2454970.90822629 -0.490361 0.000403
2454970.92866097 -0.419461 0.000425
2454970.94909555 -0.349660 0.000447
2454970.96953003 -0.280318 0.000471
2454970.98996471 -0.211072 0.000495
2454971.01039930 -0.148796 0.000519
2454971.03083378 -0.093636 0.000542
2454971.05126836 -0.047059 0.000561
2454971.07170304 -0.006118 0.000580
2454971.09213762 0.026991 0.000595
2454971.11257210 0.055968 0.000608
2454971.13300678 0.082908 0.000621
2454971.15344136 0.111396 0.000634
2454971.17387585 0.143877 0.000651
2454971.19431043 0.174874 0.000667
2454971.21474511 0.176162 0.000668
2454971.23517969 0.168620 0.000664
2454971.25561417 0.195074 0.000678
2454971.27604885 0.252189 0.000709
2454971.29648343 0.304439 0.000739
2454971.31691791 0.328271 0.000753
2454971.33735249 0.230059 0.000697
2454971.35778717 -0.153481 0.000518
2454971.37822175 -0.599783 0.000372
2454971.39865623 -0.741426 0.000337
2454971.41909091 -0.675905 0.000353
2454971.43952549 -0.596196 0.000374
2454971.45995997 -0.520059 0.000394
2454971.48039455 -0.437930 0.000419
2454971.50082923 -0.355599 0.000445
2454971.52126371 -0.276311 0.000472
2454971.54169829 -0.202047 0.000499
2454971.56213287 -0.136209 0.000524
2454971.58256745 -0.081657 0.000546
2454971.60300203 -0.034619 0.000567
2454971.62343661 0.006781 0.000585
2454971.64387118 0.046473 0.000603
2454971.66430576 0.078158 0.000618
2454971.68474034 0.105502 0.000632
2454971.70517482 0.135165 0.000647
2454971.72560950 0.167511 0.000663
2454971.74604408 0.193999 0.000677
2454971.76647856 0.204305 0.000683
2454971.78691323 0.209494 0.000686
2454971.80734781 0.213457 0.000687
2454971.82778229 0.236373 0.000700
2454971.84821687 0.279493 0.000725
2454971.86865155 0.295674 0.000734
2454971.88908612 0.162228 0.000660
2454971.90952060 -0.270468 0.000474
2454971.92995528 -0.673087 0.000354
2454971.95038986 -0.703487 0.000346
2454971.97082434 -0.614740 0.000368
2454971.99125891 -0.532845 0.000391
2454972.01169359 -0.460373 0.000412
2454972.03212807 -0.388891 0.000434
2454972.05256264 -0.316293 0.000458
2454972.07299732 -0.244094 0.000483
2454972.09343180 -0.175987 0.000509
2454972.11386637 -0.115586 0.000533
2454972.13430095 -0.066575 0.000553
2454972.15473553 -0.025031 0.000571
2454972.17517010 0.010243 0.000587
2454972.19560468 0.038630 0.000600
2454972.21603916 0.064306 0.000612
2454972.23647383 0.092041 0.000625
2454972.25690841 0.121030 0.000639
2454972.27734289 0.156650 0.000658
2454972.29777756 0.177709 0.000669
2454972.31821214 0.172283 0.000666
2454972.33864671 0.177616 0.000669
2454972.35908119 0.217323 0.000690
2454972.37951586 0.274142 0.000722
2454972.39995044 0.318657 0.000748
2454972.42038492 0.310779 0.000743
2454972.44081959 0.094658 0.000626
2454972.46125417 -0.368703 0.000441
2454972.48168864 -0.677932 0.000353
2454972.50212322 -0.700495 0.000347
2454972.52255789 -0.627920 0.000365
2454972.54299237 -0.556593 0.000385
2454972.56342694 -0.485422 0.000405
2454972.58386162 -0.409190 0.000428
2454972.60429609 -0.327377 0.000454
2454972.62473066 -0.248022 0.000482
2454972.64516524 -0.177061 0.000508
2454972.66559991 -0.111943 0.000534
2454972.68603439 -0.059666 0.000555
2454972.70646896 -0.012432 0.000576
2454972.72690354 0.026620 0.000594
2454972.74733811 0.058601 0.000609
2454972.76777268 0.084109 0.000621
2454972.78820726 0.113241 0.000635
2454972.80864183 0.142732 0.000650
2454972.82907640 0.172120 0.000665
2454972.84951098 0.193058 0.000677
2454972.86994555 0.199424 0.000680
2454972.89038012 0.206325 0.000684
2454972.91081470 0.227561 0.000695
2454972.93124927 0.259270 0.000713
2454972.95168394 0.295925 0.000734
2454972.97211842 0.272153 0.000721
2454972.99255299 0.017938 0.000591
2454973.01298746 -0.484739 0.000405
2454973.03342213 -0.733691 0.000339
2454973.05385671 -0.672457 0.000354
2454973.07429128 -0.581668 0.000377
2454973.09472585 -0.501756 0.000400
2454973.11516042 -0.430371 0.000421
2454973.13559499 -0.358854 0.000444
2454973.15602947 -0.286545 0.000468
2454973.17646414 -0.216250 0.000493
2454973.19689871 -0.151140 0.000518
2454973.21733318 -0.094597 0.000541
2454973.23776785 -0.048548 0.000561
2454973.25820242 -0.010313 0.000578
2454973.27863690 0.020742 0.000592
2454973.29907147 0.049453 0.000605
2454973.31950614 0.074883 0.000616
2454973.33994061 0.101830 0.000630
2454973.38080975 0.169594 0.000664
2454973.40124442 0.175457 0.000667
2454973.42167889 0.165822 0.000662
2454973.44211346 0.188299 0.000674
2454973.46254813 0.242044 0.000703
2454973.48298260 0.298100 0.000735
2454973.50341717 0.330794 0.000756
2454973.52385164 0.264138 0.000716
2454973.54428631 -0.079702 0.000547
2454973.56472088 -0.520971 0.000394
2454973.58515545 -0.700448 0.000347
2454973.60559002 -0.659365 0.000357
2454973.62602459 -0.586784 0.000376
2454973.64645916 -0.520203 0.000394
2454973.66689363 -0.451572 0.000414
2454973.68732830 -0.377273 0.000437
2454973.70776287 -0.300208 0.000463
2454973.72819734 -0.223308 0.000491
2454973.74863201 -0.154968 0.000517
2454973.76906658 -0.095253 0.000541
2454973.78950105 -0.043913 0.000563
2454973.80993562 -0.001920 0.000581
2454973.83037028 0.035604 0.000598
2454973.85080485 0.062713 0.000610
2454973.87123932 0.088165 0.000623
2454973.89167389 0.116764 0.000637
2454973.91210856 0.146505 0.000652
2454973.93254303 0.175022 0.000667
2454973.95297759 0.195065 0.000678
2454973.97341226 0.207098 0.000684
2454973.99384673 0.222604 0.000693
2454974.01428130 0.246368 0.000706
2454974.03471586 0.281958 0.000726
2454974.05515043 0.300710 0.000737
2454974.07558500 0.198064 0.000680
2454974.09601957 -0.177363 0.000508
2454974.11645413 -0.616334 0.000368
2454974.13688870 -0.723150 0.000341
2454974.15732327 -0.637487 0.000362
2454974.17775773 -0.554272 0.000385
2454974.19819240 -0.480024 0.000406
2454974.21862697 -0.407345 0.000428
2454974.23906143 -0.335468 0.000451
2454974.25949610 -0.261740 0.000477
2454974.27993067 -0.188698 0.000503
2454974.30036513 -0.124307 0.000529
2454974.32079970 -0.069082 0.000552
2454974.34123437 -0.024980 0.000571
2454974.36166893 0.010699 0.000587
2454974.38210340 0.040061 0.000601
2454974.40253796 0.063206 0.000611
2454974.42297263 0.087662 0.000623
2454974.44340719 0.116041 0.000636
2454974.46384166 0.149724 0.000653
2454974.48427633 0.177665 0.000669
2454974.50471089 0.179651 0.000670
2454974.52514536 0.176524 0.000668
2454974.54557992 0.211840 0.000687
2454974.56601449 0.263498 0.000716
2454974.58644915 0.312099 0.000744
2454974.60688361 0.322616 0.000750
2454974.62731828 0.166074 0.000663
2454974.64775284 -0.304667 0.000462
2454974.66818731 -0.641310 0.000362
2454974.68862187 -0.679885 0.000352
2454974.70905654 -0.608371 0.000370
2454974.72949100 -0.540917 0.000389
2454974.74992556 -0.482130 0.000406
2454974.77036023 -0.418143 0.000425
2454974.79079469 -0.348667 0.000447
2454974.81122926 -0.274782 0.000473
2454974.83166382 -0.201500 0.000499
2454974.85209838 -0.134313 0.000525
2454974.87253295 -0.077377 0.000548
2454974.89296751 -0.031384 0.000568
2454974.91340217 0.006484 0.000585
2454974.93383663 0.038349 0.000600
2454974.95427120 0.064711 0.000611
2454974.97470566 0.091675 0.000624
2454974.99514032 0.121705 0.000639
2454975.01557489 0.157657 0.000658
2454975.03600935 0.187071 0.000673
2454975.05644391 0.197749 0.000679
2454975.07687857 0.204191 0.000683
2454975.09731313 0.228972 0.000696
2454975.11774760 0.269515 0.000719
2454975.13818226 0.305529 0.000740
2454975.15861682 0.292108 0.000732
2454975.17905128 0.082825 0.000620
2454975.19948584 -0.378928 0.000437
2454975.21992050 -0.706457 0.000345
2454975.24035497 -0.696662 0.000347
2454975.26078953 -0.605599 0.000371
2454975.28122419 -0.523379 0.000394
2454975.30165865 -0.450200 0.000415
2454975.32209321 -0.375968 0.000438
2454975.34252777 -0.302585 0.000462
2454975.36296243 -0.230964 0.000488
2454975.38339689 -0.162595 0.000513
2454975.40383145 -0.103032 0.000538
2454975.42426611 -0.051474 0.000560
2454975.44470057 -0.018891 0.000574
2454975.46513513 0.022932 0.000593
2454975.48556959 0.050300 0.000605
2454975.50600425 0.073921 0.000616
2454975.52643881 0.098089 0.000627
2454975.54687337 0.127111 0.000642
2454975.56730783 0.160788 0.000659
2454975.58774249 0.183603 0.000672
2454975.60817705 0.179306 0.000669
2454975.62861151 0.186701 0.000673
2454975.64904617 0.230234 0.000697
2454975.66948073 0.283624 0.000727
2454975.68991519 0.323981 0.000751
2454975.71034975 0.284993 0.000728
2454975.73078440 -0.008037 0.000578
2454975.75121886 -0.467451 0.000410
2454975.77165342 -0.680440 0.000352
2454975.79208808 -0.646369 0.000361
2454975.81252254 -0.573554 0.000379
2454975.83295710 -0.511117 0.000397
2454975.85339165 -0.452049 0.000414
2454975.87382631 -0.387964 0.000434
2454975.89426077 -0.316889 0.000458
2454975.91469533 -0.243719 0.000484
2454975.93512998 -0.171646 0.000510
2454975.95556444 -0.108233 0.000536
2454975.97599900 -0.054775 0.000558
2454975.99643346 -0.013530 0.000576
2454976.01686811 0.020977 0.000592
2454976.03730267 0.049399 0.000605
2454976.05773723 0.072779 0.000616
2454976.07817178 0.098240 0.000628
2454976.09860634 0.132158 0.000645
2454976.11904090 0.166596 0.000663
2454976.13947545 0.189601 0.000675
2454976.15991001 0.197525 0.000679
2454976.18034457 0.217247 0.000690
2454976.20077902 0.250999 0.000709
2454976.22121358 0.291508 0.000732
2454976.24164823 0.311849 0.000744
2454976.26208279 0.237495 0.000701
2454976.28251735 -0.108956 0.000536
2454976.30295190 -0.534949 0.000391
2454976.32338646 -0.717838 0.000343
2454976.36425547 -0.569174 0.000381
2454976.38469012 -0.493630 0.000402
2454976.40512468 -0.422939 0.000423
2454976.42555913 -0.353271 0.000446
2454976.44599379 -0.279720 0.000471
2454976.46642834 -0.208440 0.000496
2454976.48686280 -0.143899 0.000522
2454976.50729735 -0.085991 0.000545
2454976.52773200 -0.039885 0.000565
2454976.54816656 -0.001440 0.000582
2454976.56860101 0.019976 0.000592
2454976.58903567 0.054127 0.000607
2454976.60947022 0.078127 0.000619
2454976.62990467 0.107770 0.000633
2454976.65033923 0.142004 0.000650
2454976.67077388 0.178324 0.000669
2454976.69120833 0.188128 0.000675
2454976.71164289 0.181293 0.000671
2454976.73207744 0.206661 0.000685
2454976.75251199 0.257253 0.000712
2454976.77294655 0.305620 0.000740
2454976.79338110 0.324569 0.000752
2454976.81381565 0.216289 0.000690
2454976.83425020 -0.231569 0.000488
2454976.85468476 -0.612463 0.000369
2454976.87511921 -0.684481 0.000351
2454976.89555386 -0.607055 0.000371
2454976.91598841 -0.533109 0.000391
2454976.93642286 -0.472706 0.000408
2454976.95685752 -0.414649 0.000426
2454976.97729207 -0.351338 0.000446
2454976.99772652 -0.283599 0.000470
2454977.01816107 -0.214774 0.000494
2454977.03859572 -0.147199 0.000520
2454977.05903027 -0.088242 0.000544
2454977.07946472 -0.040303 0.000565
2454977.09989937 -0.003061 0.000581
2454977.12033393 0.024840 0.000594
2454977.14076838 0.049239 0.000606
2454977.16120293 0.073827 0.000617
2454977.18163758 0.101797 0.000630
2454977.20207203 0.141513 0.000650
2454977.22250658 0.176027 0.000668
2454977.24294123 0.191237 0.000676
2454977.26337568 0.198249 0.000680
2454977.28381023 0.227561 0.000696
2454977.30424478 0.271336 0.000721
2454977.32467933 0.311226 0.000744
2454977.34511388 0.306194 0.000741
2454977.36554843 0.134508 0.000647
2454977.38598287 -0.285507 0.000469
2454977.40641752 -0.636271 0.000363
2454977.42685207 -0.704550 0.000346
2454977.44728652 -0.624772 0.000366
2454977.46772117 -0.544947 0.000387
2454977.48815572 -0.471097 0.000409
2454977.50859017 -0.398816 0.000431
2454977.52902472 -0.326081 0.000455
2454977.54945936 -0.251270 0.000481
2454977.56989391 -0.182743 0.000506
2454977.59032836 -0.119869 0.000531
2454977.61076301 -0.065205 0.000554
2454977.63119756 -0.019612 0.000574
2454977.65163200 0.015839 0.000590
2454977.67206655 0.044376 0.000603
2454977.69250120 0.062841 0.000612
2454977.71293565 0.090976 0.000625
2454977.73337019 0.118478 0.000638
2454977.75380484 0.153291 0.000656
2454977.77423929 0.184994 0.000673
2454977.79467383 0.191254 0.000676
2454977.81510838 0.194634 0.000678
2454977.83554303 0.227835 0.000697
2454977.85597747 0.277747 0.000724
2454977.87641202 0.318672 0.000748
2454977.89684657 0.299949 0.000737
2454977.91728111 0.061079 0.000611
2454977.93771566 -0.417303 0.000425
2454977.95815020 -0.671866 0.000354
2454977.97858485 -0.643834 0.000361
2454977.99901930 -0.562796 0.000383
2454978.01945384 -0.494739 0.000403
2454978.03988839 -0.435754 0.000419
2454978.06032293 -0.380624 0.000437
2454978.08075748 -0.320923 0.000456
2454978.10119202 -0.256628 0.000479
2454978.12162667 -0.188078 0.000504
2454978.14206111 -0.124328 0.000530
2454978.16249566 -0.068210 0.000553
2454978.18293010 -0.023633 0.000572
2454978.20336475 0.006564 0.000585
2454978.22379929 0.035253 0.000598
2454978.24423373 0.057749 0.000609
2454978.26466838 0.082349 0.000620
2454978.28510292 0.116259 0.000636
2454978.30553747 0.152015 0.000654
2454978.32597191 0.178964 0.000669
2454978.34640655 0.187815 0.000674
2454978.36684110 0.208709 0.000685
2454978.38727554 0.251865 0.000709
2454978.40771018 0.299396 0.000736
2454978.42814473 0.329133 0.000754
2454978.44857917 0.274671 0.000722
2454978.46901371 -0.032812 0.000567
2454978.48944835 -0.450401 0.000415
2454978.50988280 -0.693620 0.000348
2454978.53031734 -0.663250 0.000355
2454978.55075188 -0.584918 0.000376
2454978.57118652 -0.513336 0.000396
2454978.59162096 -0.442111 0.000417
2454978.61205551 -0.370755 0.000440
2454978.63249015 -0.298869 0.000464
2454978.65292459 -0.227957 0.000489
2454978.67335913 -0.161073 0.000514
2454978.69379357 -0.099297 0.000539
2454978.71422821 -0.050989 0.000560
2454978.73466275 -0.009520 0.000578
2454978.75509730 0.020452 0.000592
2454978.77553184 0.044382 0.000603
2454978.79596638 0.067430 0.000613
2454978.81640092 0.094311 0.000626
2454978.83683536 0.125826 0.000642
2454978.85727000 0.167680 0.000663
2454978.87770454 0.188300 0.000674
2454978.89813898 0.187844 0.000674
2454978.91857362 0.201587 0.000681
2454978.93900816 0.247587 0.000707
2454978.95944260 0.297979 0.000735
2454978.97987714 0.322324 0.000750
2454979.00031178 0.241117 0.000704
2454979.02074632 -0.140002 0.000523
2454979.04118076 -0.574415 0.000379
2454979.06161540 -0.689495 0.000349
2454979.08204993 -0.614985 0.000368
2454979.10248437 -0.537148 0.000390
2454979.12291891 -0.469600 0.000409
2454979.14335355 -0.410240 0.000427
2454979.16378799 -0.349748 0.000447
2454979.18422253 -0.285803 0.000469
2454979.20465706 -0.220528 0.000492
2454979.22509160 -0.158051 0.000516
2454979.24552614 -0.096066 0.000541
2454979.26596068 -0.044722 0.000563
2454979.28639522 -0.005738 0.000580
2454979.30682975 0.021532 0.000592
2454979.34769873 0.061469 0.000611
2454979.36813337 0.086365 0.000623
2454979.38856790 0.122640 0.000640
2454979.40900234 0.160376 0.000659
2454979.42943698 0.173881 0.000667
2454979.44987151 0.185205 0.000673
2454979.47030595 0.221416 0.000692
2454979.49074059 0.270011 0.000720
2454979.51117512 0.312452 0.000744
2454979.53160966 0.321316 0.000749
2454979.55204409 0.185262 0.000673
2454979.57247873 -0.226177 0.000490
2454979.59291326 -0.566226 0.000382
2454979.61334780 -0.688215 0.000350
2454979.63378224 -0.626938 0.000366
2454979.65421687 -0.554780 0.000385
2454979.67465141 -0.487027 0.000404
2454979.69508584 -0.419764 0.000424
2454979.71552048 -0.348340 0.000448
2454979.73595501 -0.275703 0.000472
2454979.75638955 -0.205249 0.000498
2454979.77682398 -0.139259 0.000524
2454979.79725861 -0.080871 0.000548
2454979.81769315 -0.032975 0.000568
2454979.83812758 0.004722 0.000584
2454979.85856212 0.033726 0.000598
2454979.87899675 0.056239 0.000608
2454979.89943118 0.081905 0.000620
2454979.91986572 0.109440 0.000634
2454979.94030035 0.142819 0.000651
2454979.96073478 0.177336 0.000669
2454979.98116932 0.189652 0.000675
2454980.00160385 0.194506 0.000678
2454980.02203838 0.221423 0.000693
2454980.04247292 0.270800 0.000721
2454980.06290745 0.313938 0.000746
2454980.08334208 0.311845 0.000744
2454980.10377651 0.125511 0.000642
2454980.12421105 -0.364699 0.000442
2454980.14464548 -0.663018 0.000356
2454980.16508011 -0.661356 0.000357
2454980.18551464 -0.574604 0.000380
2454980.20594907 -0.498087 0.000401
2454980.22638371 -0.432059 0.000420
2454980.24681824 -0.373791 0.000439
2454980.26725277 -0.315318 0.000459
2454980.28768720 -0.253015 0.000480
2454980.30812183 -0.192487 0.000503
2454980.32855636 -0.132190 0.000526
2454980.34899079 -0.075647 0.000549
2454980.36942532 -0.030229 0.000568
2454980.38985995 0.002606 0.000584
2454980.41029438 0.023974 0.000593
2454980.43072891 0.041936 0.000602
2454980.45116354 0.062381 0.000611
2454980.47159797 0.092503 0.000626
2454980.49203250 0.134666 0.000646
2454980.51246703 0.162074 0.000661
2454980.53290166 0.173304 0.000666
2454980.55333609 0.197876 0.000680
2454980.57377062 0.244653 0.000706
2454980.59420525 0.291965 0.000732
2454980.61463968 0.328740 0.000754
2454980.63507421 0.295416 0.000734
2454980.65550864 0.040036 0.000600
2454980.67594327 -0.384700 0.000436
2454980.69637779 -0.649750 0.000359
2454980.71681222 -0.665749 0.000356
2454980.73724685 -0.593540 0.000374
2454980.75768138 -0.524244 0.000394
2454980.77811591 -0.457216 0.000413
2454980.79855033 -0.388778 0.000434
2454980.81898496 -0.317488 0.000458
2454980.83941949 -0.246531 0.000483
2454980.85985392 -0.178697 0.000508
2454980.88028844 -0.116145 0.000533
2454980.92115750 -0.017801 0.000574
2454980.94159202 0.015494 0.000590
2454980.96202665 0.041973 0.000601
2454980.98246108 0.063524 0.000612
2454981.00289560 0.088803 0.000624
2454981.02333013 0.120043 0.000639
2454981.04376476 0.153744 0.000656
2454981.06419918 0.181100 0.000670
2454981.08463371 0.190203 0.000675
2454981.10506833 0.199733 0.000680
2454981.12550276 0.237983 0.000702
2454981.14593728 0.288336 0.000730
2454981.16637181 0.320212 0.000749
2454981.18680634 0.264312 0.000717
2454981.20724086 -0.066272 0.000554
2454981.22767538 -0.521142 0.000395
2454981.24811001 -0.692874 0.000349
2454981.26854443 -0.626166 0.000366
2454981.28897896 -0.539023 0.000389
2454981.30941348 -0.469255 0.000410
2454981.32984801 -0.409919 0.000428
2454981.35028253 -0.349994 0.000448
2454981.37071706 -0.289870 0.000467
2454981.39115148 -0.228543 0.000490
2454981.41158610 -0.166035 0.000513
2454981.43202063 -0.104506 0.000538
2454981.45245515 -0.051050 0.000561
2454981.47288967 -0.011759 0.000577
2454981.49332420 0.015521 0.000590
2454981.51375872 0.036289 0.000600
2454981.53419314 0.053331 0.000607
2454981.55462776 0.075942 0.000618
2454981.57506229 0.108749 0.000634
2454981.59549671 0.146798 0.000653
2454981.61593133 0.164774 0.000662
2454981.63636585 0.178153 0.000670
2454981.65680027 0.211547 0.000688
2454981.67723480 0.266456 0.000718
2454981.69766942 0.312133 0.000745
2454981.71810384 0.330939 0.000756
2454981.73853836 0.236783 0.000702
2454981.75897298 -0.142960 0.000525
2454981.77940750 -0.511834 0.000398
2454981.79984192 -0.672767 0.000354
2454981.82027644 -0.627487 0.000366
2454981.84071107 -0.555582 0.000385
2454981.86114549 -0.489630 0.000404
2454981.88158001 -0.426672 0.000423
2454981.90201463 -0.358917 0.000445
2454981.92244905 -0.288670 0.000468
2454981.94288357 -0.220044 0.000493
2454981.96331809 -0.155184 0.000518
2454981.98375261 -0.096130 0.000541
2454982.00418713 -0.044465 0.000563
2454982.02462164 -0.007055 0.000580
2454982.04505606 0.023370 0.000594
2454982.06549068 0.050505 0.000606
2454982.08592520 0.074483 0.000618
2454982.10635962 0.104372 0.000633
2454982.12679424 0.138811 0.000650
2454982.14722876 0.175285 0.000669
2454982.16766318 0.194292 0.000679
2454982.18809769 0.193628 0.000678
2454982.20853231 0.213860 0.000689
2454982.22896683 0.258087 0.000713
2454982.24940125 0.307887 0.000742
2454982.26983587 0.318622 0.000749
2454982.29027038 0.174943 0.000668
2454982.33113932 -0.635179 0.000364
2454982.35157394 -0.671326 0.000355
2454982.37200835 -0.583321 0.000377
2454982.39244287 -0.501618 0.000400
2454982.41287749 -0.434737 0.000420
2454982.43331190 -0.374881 0.000439
2454982.45374642 -0.314739 0.000459
2454982.47418093 -0.253904 0.000480
2454982.49461545 -0.195317 0.000502
2454982.51504997 -0.137742 0.000525
2454982.53548448 -0.082223 0.000547
2454982.55591910 -0.034245 0.000567
2454982.57635351 0.001997 0.000583
2454982.59678803 0.025078 0.000594
2454982.61722244 0.039355 0.000601
2454982.63765706 0.057677 0.000610
2454982.65809157 0.082557 0.000621
2454982.67852599 0.118261 0.000639
2454982.69896050 0.146059 0.000653
2454982.71939512 0.158713 0.000659
2454982.73982963 0.186548 0.000674
2454982.76026405 0.233248 0.000700
2454982.78069866 0.287388 0.000730
2454982.80113317 0.325431 0.000752
2454982.82156759 0.308165 0.000742
2454982.84200210 0.096641 0.000628
2454982.86243671 -0.334573 0.000453
2454982.88287123 -0.600346 0.000373
2454982.90330564 -0.652021 0.000359
2454982.92374025 -0.590559 0.000376
2454982.94417477 -0.526012 0.000393
2454982.96460928 -0.468968 0.000410
2454982.98504369 -0.404441 0.000429
2454983.00547830 -0.335755 0.000452
2454983.02591282 -0.265919 0.000476
2454983.04634723 -0.196160 0.000502
2454983.06678184 -0.131858 0.000527
2454983.08721635 -0.074414 0.000551
2454983.10765076 -0.027259 0.000570
2454983.12808527 0.007388 0.000586
2454983.14851989 0.035233 0.000599
2454983.16895430 0.059288 0.000610
2454983.18938881 0.083503 0.000622
2454983.20982342 0.110205 0.000635
2454983.23025783 0.143955 0.000652
2454983.25069234 0.175999 0.000669
2454983.27112685 0.197727 0.000680
2454983.29156146 0.212453 0.000688
2454983.31199587 0.239675 0.000703
2454983.33243038 0.281331 0.000727
2454983.35286479 0.317570 0.000748
2454983.37329940 0.280849 0.000727
2454983.39373391 -0.013564 0.000576
2454983.41416832 -0.464239 0.000411
2454983.43460293 -0.680434 0.000352
2454983.45503744 -0.632469 0.000364
2454983.47547195 -0.542127 0.000389
2454983.49590636 -0.465401 0.000410
2454983.51634096 -0.399763 0.000431
2454983.53677547 -0.340934 0.000450
2454983.55720988 -0.283322 0.000470
2454983.57764449 -0.224876 0.000491
2454983.59807900 -0.168791 0.000512
2454983.61851341 -0.113906 0.000534
2454983.63894791 -0.060146 0.000556
2454983.65938252 -0.015799 0.000575
2454983.67981693 0.013025 0.000588
2454983.70025144 0.032269 0.000597
2454983.72068604 0.044524 0.000603
2454983.74112055 0.062551 0.000612
2454983.76155496 0.091162 0.000625
2454983.78198946 0.130724 0.000645
2454983.80242407 0.148861 0.000654
2454983.82285848 0.164223 0.000662
2454983.84329298 0.200135 0.000681
2454983.86372759 0.254267 0.000711
2454983.88416199 0.305840 0.000741
2454983.90459650 0.333509 0.000757
2454983.92503101 0.262754 0.000716
2454983.94546551 -0.090801 0.000544
2454983.96590002 -0.451102 0.000415
2454983.98633452 -0.642053 0.000362
2454984.00676893 -0.619811 0.000367
2454984.02720353 -0.552597 0.000386
2454984.04763804 -0.491402 0.000403
2454984.06807244 -0.432548 0.000420
2454984.08850705 -0.370679 0.000440
2454984.10894155 -0.305967 0.000461
2454984.12937595 -0.239433 0.000485
2454984.14981046 -0.173211 0.000510
2454984.17024506 -0.112407 0.000534
2454984.19067946 -0.058265 0.000557
2454984.21111397 -0.017003 0.000575
2454984.23154857 0.013488 0.000588
2454984.25198307 0.039746 0.000601
2454984.27241748 0.063564 0.000612
2454984.29285198 0.090734 0.000625
2454984.31328658 0.118353 0.000639
2454984.33372099 0.152684 0.000656
2454984.35415549 0.178646 0.000669
2454984.37459009 0.196101 0.000679
2454984.39502449 0.213079 0.000688
2454984.41545899 0.249912 0.000708
2454984.43589350 0.294450 0.000733
2454984.45632800 0.310786 0.000743
2454984.47676250 0.198556 0.000680
2454984.49719700 -0.232974 0.000488
2454984.51763150 -0.598853 0.000373
2454984.53806600 -0.684292 0.000351
2454984.55850050 -0.599554 0.000372
2454984.57893500 -0.513305 0.000396
2454984.59936961 -0.441017 0.000418
2454984.61980401 -0.376792 0.000438
2454984.64023851 -0.315392 0.000459
2454984.68110751 -0.194790 0.000503
2454984.70154201 -0.137929 0.000524
2454984.72197651 -0.084040 0.000546
2454984.74241100 -0.036548 0.000567
2454984.76284550 0.001027 0.000583
2454984.78328000 0.026376 0.000595
2454984.80371440 0.043937 0.000603
2454984.82414900 0.059493 0.000610
2454984.84458350 0.079040 0.000619
2454984.86501790 0.106590 0.000633
2454984.88545250 0.136331 0.000648
2454984.90588699 0.150137 0.000655
2454984.92632139 0.167190 0.000664
2454984.94675589 0.215743 0.000690
2454984.96719049 0.273762 0.000723
2454984.98762499 0.320457 0.000750
2454985.00805938 0.320966 0.000750
2454985.02849398 0.150411 0.000655
2454985.04892848 -0.285259 0.000469
2454985.06936287 -0.556123 0.000385
2454985.08979737 -0.635088 0.000363
2454985.11023197 -0.580744 0.000378
2454985.13066636 -0.516618 0.000396
2454985.15110086 -0.459375 0.000412
2454985.17153536 -0.403740 0.000430
2454985.19196985 -0.343755 0.000450
2454985.21240435 -0.280571 0.000471
2454985.23283884 -0.214476 0.000495
2454985.25327344 -0.150803 0.000519
2454985.27370784 -0.092183 0.000543
2454985.31457673 -0.006192 0.000580
2454985.33501132 0.020068 0.000592
2454985.35544582 0.043999 0.000602
2454985.37588021 0.068626 0.000614
2454985.39631480 0.094433 0.000626
2454985.41674930 0.128832 0.000644
2454985.43718379 0.163564 0.000662
2454985.45761819 0.185746 0.000674
2454985.47805278 0.202601 0.000682
2454985.49848727 0.236848 0.000701
2454985.51892167 0.279861 0.000726
2454985.53935626 0.319046 0.000749
2454985.55979075 0.301451 0.000739
2454985.58022515 0.051692 0.000607
2454985.60065964 -0.430958 0.000422
2454985.62109423 -0.666421 0.000355
2454985.64152862 -0.644609 0.000361
2454985.68239761 -0.474546 0.000408
2454985.70283210 -0.408228 0.000428
2454985.72326659 -0.345872 0.000448
2454985.74370108 -0.284957 0.000468
2454985.76413568 -0.223280 0.000491
2454985.78457007 -0.166597 0.000512
2454985.80500456 -0.117953 0.000532
2454985.82543895 -0.066011 0.000553
2454985.84587354 -0.028123 0.000569
2454985.86630803 0.019396 0.000592
2454985.88674242 0.043186 0.000603
2454985.90717701 0.056094 0.000609
2454985.92761150 0.067461 0.000614
2454985.94804599 0.086356 0.000623
2454985.96848038 0.119811 0.000640
2454985.98891497 0.148531 0.000654
2454986.00934946 0.153644 0.000657
2454986.02978385 0.183591 0.000672
2454986.05021844 0.238398 0.000702
2454986.07065293 0.294407 0.000734
2454986.09108732 0.312501 0.000744
2454986.11152181 0.270964 0.000721
2454986.13195640 -0.040945 0.000565
2454986.15239078 -0.411079 0.000428
2454986.17282527 -0.609993 0.000371
2454986.19325976 -0.606136 0.000372
2454986.21369435 -0.540836 0.000389
2454986.23412884 -0.480085 0.000407
2454986.25456322 -0.424996 0.000423
2454986.27499781 -0.368280 0.000442
2454986.29543230 -0.311374 0.000461
2454986.31586669 -0.250943 0.000482
2454986.33630117 -0.187715 0.000505
2454986.35673566 -0.126445 0.000529
2454986.37717015 -0.069766 0.000553
2454986.39760463 -0.026877 0.000571
2454986.41803922 0.001372 0.000583
2454986.43847371 0.025859 0.000594
2454986.45890809 0.047874 0.000604
2454986.47934258 0.073069 0.000616
2454986.49977716 0.103586 0.000631
2454986.52021155 0.138378 0.000649
2454986.54064603 0.168818 0.000665
2454986.56108062 0.189890 0.000676
2454986.58151500 0.217747 0.000691
2454986.60194949 0.257016 0.000713
2454986.62238397 0.300770 0.000738
2454986.64281846 0.324596 0.000752
2454986.66325294 0.236466 0.000702
2454986.68368743 -0.190969 0.000504
2454986.70412181 -0.551104 0.000386
2454986.72455639 -0.677008 0.000353
2454986.74499088 -0.607310 0.000371
2454986.76542526 -0.519423 0.000395
2454986.78585985 -0.445382 0.000417
2454986.80629433 -0.378457 0.000438
2454986.82672871 -0.315274 0.000459
2454986.84716319 -0.255809 0.000480
2454986.86759778 -0.199234 0.000501
2454986.88803216 -0.141453 0.000523
2454986.90846664 -0.088330 0.000544
2454986.92890122 -0.040358 0.000565
2454986.94933571 -0.000220 0.000583
2454986.96977009 0.028751 0.000596
2454986.99020457 0.046180 0.000604
2454987.01063915 0.059595 0.000611
2454987.03107353 0.074621 0.000618
2454987.05150801 0.096263 0.000628
2454987.07194259 0.127904 0.000644
2454987.09237698 0.145525 0.000653
2454987.11281146 0.159106 0.000660
2454987.13324594 0.197450 0.000680
2454987.15368042 0.253210 0.000711
2454987.17411490 0.302878 0.000740
2454987.19454938 0.315318 0.000747
2454987.21498386 0.187466 0.000675
2454987.23541834 -0.203904 0.000501
2454987.25585282 -0.512482 0.000397
2454987.27628720 -0.616457 0.000368
2454987.29672178 -0.567034 0.000382
2454987.31715625 -0.502623 0.000400
2454987.33759063 -0.445080 0.000417
2454987.35802511 -0.392067 0.000434
2454987.37845969 -0.339793 0.000450
2454987.39889407 -0.284325 0.000470
2454987.41932855 -0.228196 0.000490
2454987.43976312 -0.165473 0.000514
2454987.46019760 -0.105200 0.000537
2454987.48063198 -0.052713 0.000560
2454987.50106646 -0.013428 0.000577
2454987.52150103 0.015686 0.000590
2454987.54193541 0.037398 0.000600
2454987.56236989 0.059145 0.000610
2454987.58280447 0.081977 0.000621
2454987.60323884 0.116294 0.000638
2454987.62367332 0.149665 0.000654
2454987.64410780 0.172700 0.000666
2454987.66454227 0.196301 0.000679
2454987.68497675 0.230782 0.000698
2454987.70541122 0.275978 0.000723
2454987.72584580 0.318773 0.000748
2454987.74628017 0.311545 0.000744
2454987.76671465 0.099463 0.000629
2454987.78714912 -0.400810 0.000431
2454987.80758360 -0.654308 0.000358
2454987.82801807 -0.659757 0.000356
2454987.84845245 -0.569906 0.000380
2454987.86888702 -0.488380 0.000403
2454987.88932150 -0.416852 0.000424
2454987.90975597 -0.351298 0.000446
2454987.93019045 -0.286792 0.000468
2454987.95062492 -0.225069 0.000490
2454987.97105939 -0.168213 0.000511
2454987.99149387 -0.112586 0.000533
2454988.01192824 -0.061057 0.000555
2454988.03236281 -0.017169 0.000575
2454988.05279729 0.019831 0.000591
2454988.07323166 0.045082 0.000604
2454988.09366623 0.063849 0.000612
2454988.11410070 0.076400 0.000618
2454988.13453508 0.091395 0.000625
2454988.15496955 0.111092 0.000635
2454988.17540412 0.136301 0.000648
2454988.19583859 0.149115 0.000654
2454988.21627296 0.167870 0.000664
2454988.23670743 0.214115 0.000688
2454988.25714201 0.271264 0.000721
2454988.29801085 0.286398 0.000729
2454988.31844542 0.010406 0.000587
2454988.33887979 -0.371889 0.000439
2454988.35931426 -0.579090 0.000378
2454988.37974873 -0.585575 0.000376
2454988.40018320 -0.520799 0.000395
2454988.42061767 -0.460465 0.000412
2454988.44105214 -0.406572 0.000428
2454988.46148671 -0.357253 0.000444
2454988.48192108 -0.307044 0.000461
2454988.50235555 -0.255235 0.000480
2454988.52278992 -0.199802 0.000500
2454988.54322448 -0.141498 0.000523
2454988.58409332 -0.038758 0.000565
2454988.60452789 -0.006652 0.000580
2454988.62496236 0.015592 0.000590
2454988.64539683 0.035942 0.000599
2454988.66583119 0.062400 0.000612
2454988.68626576 0.091891 0.000626
2454988.70670023 0.126256 0.000643
2454988.72713460 0.156811 0.000659
2454988.74756906 0.183589 0.000672
2454988.76800363 0.212643 0.000689
2454988.78843800 0.256220 0.000713
2454988.80887246 0.300986 0.000739
2454988.82930703 0.328486 0.000755
2454988.84974139 0.266817 0.000719
2454988.87017586 -0.125631 0.000529
2454988.89061033 -0.524760 0.000394
2454988.91104489 -0.682169 0.000352
2454988.93147926 -0.620935 0.000367
2454988.95191372 -0.532615 0.000391
2454988.97234829 -0.454538 0.000414
2454988.99278265 -0.384547 0.000436
2454989.01321712 -0.317496 0.000458
2454989.03365148 -0.255129 0.000480
2454989.05408605 -0.194635 0.000503
2454989.07452051 -0.140935 0.000524
2454989.09495497 -0.089646 0.000544
2454989.11538944 -0.041585 0.000565
2454989.13582390 0.000144 0.000583
2454989.15625837 0.031612 0.000598
2454989.17669273 0.056432 0.000609
2454989.19712729 0.074403 0.000618
2454989.21756176 0.087487 0.000624
2454989.23799612 0.104628 0.000633
2454989.25843058 0.123523 0.000642
2454989.27886514 0.146885 0.000654
2454989.29929951 0.158112 0.000660
2454989.31973397 0.181007 0.000671
2454989.34016853 0.230443 0.000698
2454989.36060289 0.283803 0.000729
2454989.38103735 0.305751 0.000742
2454989.40147181 0.194728 0.000679
2454989.42190638 -0.158808 0.000520
2454989.44234074 -0.481889 0.000406
2454989.46277520 -0.595695 0.000374
2454989.48320976 -0.547432 0.000388
2454989.50364412 -0.480646 0.000406
2454989.52407858 -0.422520 0.000424
2454989.54451304 -0.371746 0.000441
2454989.56494750 -0.322724 0.000457
2454989.58538196 -0.273976 0.000474
2454989.60581642 -0.223650 0.000492
2454989.62625088 -0.172278 0.000511
2454989.64668534 -0.120838 0.000531
2454989.66711980 -0.067961 0.000554
2454989.68755426 -0.027494 0.000571
2454989.70798871 -0.000144 0.000583
2454989.72842317 0.022259 0.000593
2454989.74885763 0.042908 0.000603
2454989.76929199 0.069312 0.000616
2454989.78972655 0.099193 0.000630
2454989.81016100 0.136519 0.000649
2454989.83059546 0.164396 0.000663
2454989.85102992 0.191386 0.000677
2454989.87146438 0.229938 0.000698
2454989.89189883 0.277261 0.000725
2454989.91233319 0.319761 0.000750
2454989.93276775 0.324844 0.000753
2454989.95320220 0.156344 0.000659
2454989.97363656 -0.343722 0.000450
2454989.99407112 -0.613149 0.000370
2454990.01450557 -0.660356 0.000357
2454990.03493993 -0.581498 0.000378
2454990.05537438 -0.501323 0.000400
2454990.07580894 -0.429429 0.000422
2454990.09624329 -0.361673 0.000443
2454990.11667775 -0.295973 0.000466
2454990.13711231 -0.232585 0.000489
2454990.15754676 -0.171447 0.000512
2454990.17798111 -0.117745 0.000533
2454990.19841557 -0.066839 0.000554
2454990.21885012 -0.022601 0.000573
2454990.23928448 0.016222 0.000590
2454990.25971893 0.045229 0.000604
2454990.28015338 0.066892 0.000615
2454990.30058784 0.082466 0.000622
2454990.32102229 0.094100 0.000628
2454990.34145674 0.110818 0.000635
2454990.36189120 0.130367 0.000645
2454990.38232565 0.154881 0.000658
2454990.40276010 0.165471 0.000664
2454990.42319446 0.196687 0.000680
2454990.44362901 0.247270 0.000708
2454990.46406346 0.295429 0.000736
2454990.48449781 0.278036 0.000726
2454990.50493236 0.038007 0.000601
2454990.52536681 -0.344447 0.000449
2454990.54580117 -0.562697 0.000383
2454990.56623562 -0.576263 0.000380
2454990.58667017 -0.512873 0.000397
2454990.60710452 -0.449517 0.000416
2454990.62753897 -0.392668 0.000434
2454990.64797352 -0.341183 0.000451
2454990.66840797 -0.291486 0.000468
2454990.68884232 -0.242768 0.000485
2454990.70927677 -0.194524 0.000503
2454990.72971132 -0.144364 0.000522
2454990.75014567 -0.093802 0.000542
2454990.77058012 -0.047614 0.000562
2454990.79101467 -0.011485 0.000578
2454990.81144902 0.010475 0.000588
2454990.83188346 0.027433 0.000596
2454990.85231791 0.047847 0.000605
2454990.87275236 0.074691 0.000618
2454990.89318681 0.107883 0.000634
2454990.91362126 0.139949 0.000650
2454990.93405561 0.169119 0.000666
2454990.95449015 0.203933 0.000684
2454990.97492460 0.248086 0.000708
2454990.99535895 0.295192 0.000736
2454991.01579349 0.325951 0.000754
2454991.03622794 0.283588 0.000729
2454991.05666229 -0.055361 0.000558
2454991.07709674 -0.480232 0.000407
2454991.09753128 -0.660329 0.000357
2454991.11796573 -0.618618 0.000368
2454991.13840007 -0.534504 0.000391
2454991.15883462 -0.459836 0.000413
2454991.17926906 -0.391970 0.000434
2454991.19970341 -0.325847 0.000455
2454991.22013786 -0.257645 0.000480
2454991.24057240 -0.197320 0.000502
2454991.28144119 -0.090278 0.000544
2454991.30187573 -0.044519 0.000564
2454991.32231018 -0.004026 0.000581
2454991.34274452 0.027742 0.000596
2454991.36317897 0.054657 0.000608
2454991.38361351 0.078788 0.000620
2454991.40404795 0.096680 0.000629
2454991.42448230 0.111645 0.000636
2454991.44491674 0.124685 0.000643
2454991.46535128 0.139123 0.000650
2454991.48578563 0.161101 0.000661
2454991.50622007 0.182275 0.000672
2454991.52665461 0.218710 0.000692
2454991.54708895 0.263901 0.000717
2454991.56752340 0.292816 0.000734
2454991.58795784 0.197706 0.000680
2454991.60839228 -0.168595 0.000514
2454991.62882672 -0.455524 0.000414
2454991.64926116 -0.578421 0.000379
2454991.66969570 -0.532295 0.000392
2454991.69013004 -0.466983 0.000411
2454991.71056448 -0.409712 0.000429
2454991.73099883 -0.356813 0.000445
2454991.75143337 -0.307983 0.000462
2454991.77186781 -0.261353 0.000478
2454991.79230225 -0.216629 0.000495
2454991.81273669 -0.169299 0.000513
2454991.83317113 -0.122503 0.000530
2454991.85360556 -0.075216 0.000550
2454991.87403990 -0.033315 0.000568
2454991.89447444 -0.006281 0.000581
2454991.91490888 0.011918 0.000589
2454991.93534322 0.028718 0.000596
2454991.95577776 0.052008 0.000607
2454991.97621220 0.087403 0.000625
2454991.99664654 0.123981 0.000643
2454992.01708097 0.160094 0.000661
2454992.03751551 0.189544 0.000676
2454992.05794985 0.225824 0.000696
2454992.07838429 0.273501 0.000723
2454992.09881872 0.315282 0.000748
2454992.11925326 0.327791 0.000755
2454992.13968760 0.196634 0.000680
2454992.16012203 -0.290150 0.000468
2454992.18055657 -0.578808 0.000378
2454992.20099091 -0.651693 0.000360
2454992.22142534 -0.579520 0.000378
2454992.24185968 -0.499850 0.000401
2454992.26229421 -0.428663 0.000422
2454992.28272865 -0.361189 0.000443
2454992.30316308 -0.296578 0.000466
2454992.32359752 -0.234142 0.000488
2454992.34403195 -0.174257 0.000511
2454992.36446639 -0.122137 0.000531
2454992.38490072 -0.071527 0.000552
2454992.40533526 -0.027724 0.000571
2454992.42576969 0.011656 0.000588
2454992.44620402 0.041884 0.000602
2454992.46663856 0.068216 0.000615
2454992.48707299 0.085957 0.000623
2454992.50750733 0.102155 0.000631
2454992.52794176 0.115007 0.000638
2454992.54837629 0.128004 0.000644
2454992.56881062 0.148942 0.000655
2454992.58924506 0.170327 0.000665
2454992.60967949 0.193616 0.000678
2454992.63011402 0.230355 0.000698
2454992.65054835 0.269524 0.000720
2454992.67098279 0.265137 0.000718
2454992.69141732 0.037059 0.000600
2454992.71185165 -0.334429 0.000453
2454992.73228608 -0.546161 0.000388
2454992.75272051 -0.559283 0.000384
2454992.77315494 -0.495945 0.000402
2454992.79358937 -0.434487 0.000420
2454992.81402380 -0.376102 0.000439
2454992.83445823 -0.322322 0.000457
2454992.85489266 -0.273411 0.000474
2454992.87532709 -0.225961 0.000491
2454992.89576142 -0.181939 0.000508
2454992.91619595 -0.136933 0.000525
2454992.93663038 -0.095590 0.000542
2454992.95706481 -0.054842 0.000559
2454992.97749924 -0.019555 0.000574
2454992.99793367 0.001763 0.000584
2454993.01836810 0.022046 0.000593
2454993.03880252 0.037227 0.000600
2454993.05923695 0.057208 0.000609
2454993.07967138 0.087509 0.000624
2454993.10010581 0.122115 0.000641
2454993.12054014 0.158645 0.000660
2454993.14097466 0.195541 0.000679
2454993.16140909 0.239227 0.000704
2454993.18184342 0.286487 0.000730
2454993.20227794 0.322403 0.000752
2454993.22271237 0.294425 0.000735
2454993.24314670 0.005536 0.000585
2454993.26358112 -0.414836 0.000426
2454993.28401565 -0.624207 0.000366
2454993.30444998 -0.603615 0.000372
2454993.32488440 -0.528464 0.000393
2454993.34531893 -0.459723 0.000412
2454993.36575335 -0.396766 0.000432
2454993.38618768 -0.334497 0.000452
2454993.40662210 -0.269944 0.000475
2454993.42705663 -0.209527 0.000497
2454993.44749095 -0.151745 0.000519
2454993.46792537 -0.101116 0.000539
2454993.48835990 -0.054109 0.000559
2454993.50879422 -0.012874 0.000577
2454993.52922865 0.021805 0.000593
2454993.54966307 0.050060 0.000606
2454993.57009749 0.075520 0.000619
2454993.59053192 0.097637 0.000629
2454993.61096634 0.112594 0.000636
2454993.63140066 0.126846 0.000643
2454993.65183518 0.139189 0.000649
2454993.67226961 0.161644 0.000661
2454993.69270393 0.184642 0.000673
2454993.71313845 0.216727 0.000691
2454993.73357287 0.254347 0.000712
2454993.75400719 0.279361 0.000726
2454993.77444161 0.194839 0.000678
2454993.79487614 -0.173132 0.000511
2454993.81531056 -0.449260 0.000416
2454993.83574488 -0.572897 0.000380
2454993.85617940 -0.525952 0.000393
2454993.87661382 -0.461464 0.000412
2454993.89704814 -0.402309 0.000431
2454993.91748256 -0.345702 0.000448
2454993.93791708 -0.292576 0.000467
2454993.95835140 -0.242711 0.000485
2454993.97878582 -0.197578 0.000501
2454993.99922034 -0.154175 0.000518
2454994.01965465 -0.111446 0.000535
2454994.04008907 -0.072937 0.000551
2454994.06052349 -0.036214 0.000567
2454994.08095791 -0.004469 0.000581
2454994.10139233 0.014220 0.000590
2454994.12182675 0.026649 0.000596
2454994.14226126 0.040951 0.000601
2454994.16269558 0.064554 0.000614
2454994.18313000 0.095597 0.000628
2454994.20356432 0.131715 0.000646
2454994.22399883 0.168386 0.000665
2454994.26486767 0.257283 0.000713
2454994.28530198 0.302217 0.000740
2454994.30573650 0.316261 0.000748
2454994.32617091 0.212149 0.000688
2454994.34660523 -0.216657 0.000494
2454994.36703975 -0.531413 0.000392
2454994.38747416 -0.626251 0.000366
2454994.40790848 -0.568021 0.000381
2454994.42834289 -0.493238 0.000403
2454994.44877741 -0.427440 0.000423
2454994.46921172 -0.364652 0.000443
2454994.48964613 -0.302117 0.000464
2454994.51008065 -0.239750 0.000486
2454994.53051496 -0.178523 0.000509
2454994.55094938 -0.127444 0.000529
2454994.57138379 -0.079631 0.000549
2454994.59181830 -0.032404 0.000569
2454994.61225262 0.006520 0.000587
2454994.63268703 0.038569 0.000602
2454994.65312154 0.066887 0.000615
2454994.67355595 0.092743 0.000628
2454994.69399027 0.112222 0.000637
2454994.71442468 0.125208 0.000643
2454994.73485919 0.129177 0.000645
2454994.75529350 0.138681 0.000649
2454994.77572791 0.159308 0.000660
2454994.79616233 0.187646 0.000674
2454994.81659674 0.222618 0.000693
2454994.83703115 0.257053 0.000713
2454994.85746556 0.254260 0.000712
2454994.87790007 -0.074502 0.000543
2454994.89833438 -0.249384 0.000490
2454994.91876879 -0.551411 0.000386
2454994.93920310 -0.552768 0.000386
2454994.95963761 -0.462483 0.000414
2454994.98007202 -0.409401 0.000430
2454995.00050643 -0.364374 0.000443
2454995.02094084 -0.310311 0.000461
2454995.04137525 -0.258636 0.000479
2454995.06180965 -0.209764 0.000497
2454995.08224396 -0.166106 0.000514
2454995.10267847 -0.124898 0.000530
2454995.12311288 -0.087865 0.000545
2454995.14354719 -0.053084 0.000560
2454995.16398170 -0.019310 0.000575
2454995.18441610 0.006830 0.000587
2454995.20485041 0.024152 0.000595
2454995.22528482 0.034383 0.000600
2454995.24571932 0.049085 0.000606
2454995.26615363 0.072410 0.000617
2454995.28658804 0.105013 0.000633
2454995.30702254 0.140657 0.000651
2454995.32745695 0.179603 0.000671
2454995.34789126 0.227576 0.000697
2454995.36832566 0.275780 0.000724
2454995.38876017 0.313485 0.000747
2454995.40919447 0.297328 0.000737
2454995.42962888 0.050451 0.000607
2454995.45006318 -0.357441 0.000445
2454995.47049769 -0.583997 0.000377
2454995.49093209 -0.583708 0.000377
2454995.51136589 -0.516654 0.000396
2454995.53180040 -0.451351 0.000416
2454995.55223470 -0.390633 0.000434
2454995.57266911 -0.333329 0.000453
2454995.59310351 -0.273820 0.000474
2454995.61353801 -0.214189 0.000495
2454995.63397232 -0.157965 0.000517
2454995.65440672 -0.106849 0.000537
2454995.67484122 -0.061488 0.000556
2454995.69527552 -0.022522 0.000573
2454995.71570993 0.011126 0.000588
2454995.73614433 0.041821 0.000603
2454995.75657873 0.070025 0.000616
2454995.77701313 0.096371 0.000629
2454995.79744753 0.116298 0.000639
2454995.81788193 0.126651 0.000643
2454995.83831633 0.141107 0.000651
2454995.85875074 0.159102 0.000660
2454995.87918504 0.188104 0.000676
2454995.89961954 0.219135 0.000692
2454995.92005394 0.252864 0.000711
2454995.94048824 0.274445 0.000723
2454995.96092264 0.188271 0.000675
2454995.98135714 -0.188384 0.000505
2454996.00179143 -0.460101 0.000413
2454996.02222583 -0.569399 0.000381
2454996.04266033 -0.522004 0.000394
2454996.06309473 -0.451787 0.000415
2454996.08352903 -0.388105 0.000435
2454996.10396343 -0.330675 0.000454
2454996.12439793 -0.274546 0.000474
2454996.14483222 -0.222756 0.000492
2454996.16526662 -0.178015 0.000509
2454996.18570112 -0.138168 0.000524
2454996.20613542 -0.100908 0.000539
2454996.22656981 -0.064248 0.000554
2454996.24700421 -0.032086 0.000567
2454996.26743861 0.002385 0.000584
2454996.28787300 0.023181 0.000593
2454996.30830740 0.033691 0.000598
2454996.32874190 0.045773 0.000604
2454996.34917619 0.064113 0.000613
2454996.36961059 0.077818 0.000619
2454996.39004488 0.102731 0.000630
2454996.41047938 0.145501 0.000652
2454996.43091377 0.193013 0.000677
2454996.45134807 0.243482 0.000704
2454996.47178256 0.291223 0.000732
2454996.49221696 0.304918 0.000740
2454996.51265135 0.218293 0.000691
2454996.53308564 -0.162975 0.000514
2454996.55352014 -0.480085 0.000406
2454996.57395453 -0.589564 0.000375
2454996.59438882 -0.535172 0.000390
2454996.61482322 -0.469281 0.000409
2454996.63525771 -0.409450 0.000428
2454996.65569200 -0.354891 0.000445
2454996.67612640 -0.299814 0.000464
2454996.69656089 -0.242428 0.000485
2454996.71699518 -0.185444 0.000505
2454996.73742957 -0.131410 0.000527
2454996.75786396 -0.083537 0.000546
2454996.77829835 -0.041871 0.000564
2454996.79873275 -0.007975 0.000579
2454996.81916714 0.020531 0.000592
2454996.83960163 0.048483 0.000605
2454996.86003592 0.079117 0.000619
2454996.88047031 0.103863 0.000631
2454996.90090460 0.119782 0.000639
2454996.92133909 0.132985 0.000646
2454996.94177348 0.147167 0.000653
2454996.96220787 0.173269 0.000666
2454996.98264226 0.204818 0.000683
2454997.00307665 0.240761 0.000703
2454997.02351103 0.271441 0.000721
2454997.04394532 0.258871 0.000713
2454997.06437981 0.010736 0.000588
2454997.08481420 -0.366659 0.000441
2454997.10524859 -0.546609 0.000387
2454997.12568288 -0.557212 0.000384
2454997.14611736 -0.483939 0.000405
2454997.16655165 -0.413486 0.000426
2454997.18698604 -0.350571 0.000446
2454997.20742053 -0.292728 0.000466
2454997.24828920 -0.190890 0.000502
2454997.26872359 -0.146959 0.000519
2454997.28915797 -0.107989 0.000535
2454997.30959236 -0.073397 0.000549
2454997.33002674 -0.041084 0.000563
2454997.35046123 -0.011686 0.000576
2454997.37089561 0.012300 0.000587
2454997.39132990 0.033455 0.000597
2454997.41176428 0.041412 0.000600
2454997.43219867 0.044990 0.000602
2454997.45263305 0.059374 0.000609
2454997.47306744 0.085738 0.000621
2454997.49350192 0.123258 0.000640
2454997.51393620 0.164753 0.000662
2454997.53437059 0.210620 0.000686
2454997.55480497 0.258346 0.000712
2454997.57523935 0.295272 0.000734
2454997.59567374 0.280717 0.000725
2454997.61610812 0.069732 0.000614
2454997.63654240 -0.324631 0.000454
2454997.65697689 -0.554006 0.000384
2454997.67741127 -0.559252 0.000382
2454997.69784565 -0.494013 0.000401
2454997.71828003 -0.432023 0.000420
2454997.73871441 -0.376866 0.000437
2454997.75914879 -0.325411 0.000454
2454997.77958307 -0.272349 0.000473
2454997.80001756 -0.213044 0.000494
2454997.82045194 -0.159572 0.000514
2454997.84088622 -0.109024 0.000535
2454997.86132070 -0.064543 0.000553
2454997.88175508 -0.026838 0.000569
2454997.90218936 0.001670 0.000582
2454997.92262374 0.056533 0.000609
2454997.94305821 0.057883 0.000608
2454997.96349249 0.089508 0.000623
2454997.98392687 0.110725 0.000634
