 446.72205 18.748 0.040
 446.73065 18.745 0.045
 446.73891 18.884 0.048
 446.74722 18.820 0.043
 446.75548 18.811 0.043
 455.66282 18.759 0.031
 455.73915 18.881 0.039
 455.78672 18.902 0.042
 456.60683 19.210 0.058
 456.65657 18.854 0.051
 456.72733 18.649 0.040
 456.77476 18.706 0.033
 456.82618 18.727 0.040
 457.57451 18.931 0.047
 457.61847 18.870 0.040
 457.67710 18.975 0.048
 457.73569 18.966 0.047
 457.79432 19.067 0.053
 458.65091 18.648 0.036
 458.71998 18.730 0.046
 459.56811 18.921 0.052
 459.61428 19.047 0.055
 459.67286 19.149 0.052
 459.73228 18.975 0.046
 459.77615 19.230 0.064
 459.81995 18.748 0.039
 461.57901 19.039 0.049
 461.62280 19.076 0.049
 461.68147 19.079 0.049
 461.74760 18.634 0.033
 461.80961 18.700 0.045
 462.57955 18.800 0.036
 462.63819 18.864 0.040
 462.68416 18.884 0.039
 465.68302 18.886 0.065
 465.73070 18.729 0.052
 465.81548 18.916 0.045
 466.66672 19.127 0.061
 466.73325 19.216 0.058
 466.81825 18.626 0.040
 467.67040 18.896 0.045
 467.77498 18.876 0.043
 467.84095 19.062 0.061
 468.68131 18.843 0.051
 468.74725 18.657 0.037
 468.80586 18.686 0.035
 468.84243 18.771 0.036
 469.67799 18.934 0.058
 469.75608 18.991 0.054
 469.81499 18.962 0.058
 470.75271 18.861 0.054
 471.66378 19.007 0.053
 471.80056 19.125 0.066
 472.63845 18.687 0.037
 472.68224 18.720 0.037
 472.72604 18.850 0.053
 472.79197 18.828 0.054
 474.71796 18.826 0.051
 475.55232 19.068 0.062
 475.61112 19.128 0.060
 475.67724 18.727 0.053
 475.72937 18.672 0.052
 476.76338 19.040 0.064
 477.54908 18.733 0.037
 477.60037 18.658 0.035
 477.74785 18.779 0.041
 477.82871 18.867 0.052
 478.55523 18.922 0.048
 478.77562 19.061 0.052
 478.83456 18.680 0.036
 479.55405 18.803 0.043
 479.59794 18.751 0.037
 479.74628 18.784 0.043
 479.83556 19.073 0.073
 480.59011 18.969 0.054
 480.67126 19.041 0.047
 480.76484 18.608 0.036
 480.80897 18.704 0.041
 481.57528 18.826 0.046
 481.72366 18.986 0.052
 481.76764 18.858 0.053
 481.81159 19.085 0.061
 482.72452 18.692 0.039
 482.80243 18.761 0.037
 483.59079 18.941 0.055
 483.63526 19.062 0.061
 483.67910 19.044 0.056
 483.72309 19.050 0.052
 483.76700 19.183 0.065
 483.81092 19.072 0.064
 484.58947 18.581 0.037
 484.69815 18.840 0.045
 484.74250 18.848 0.045
 484.78652 18.919 0.049
 485.59310 19.002 0.051
 485.74005 19.172 0.059
 485.78416 18.751 0.043
 486.58963 18.791 0.046
 486.63520 18.736 0.039
 486.73170 18.834 0.049
 486.77689 18.985 0.051
 487.61659 19.125 0.048
 487.66485 18.875 0.043
 487.71268 18.674 0.033
 487.75677 18.623 0.035
 487.80094 18.805 0.047
 488.60206 18.907 0.045
 488.64603 18.898 0.041
 488.71489 19.110 0.055
 488.75888 19.015 0.054
 488.80296 19.158 0.066
 489.57782 18.767 0.039
 489.66681 18.640 0.033
 489.71070 18.726 0.039
 489.75465 18.776 0.039
 490.57105 18.944 0.040
 490.70824 19.155 0.055
 490.75235 19.189 0.062
 490.79635 19.091 0.052
 491.59555 18.675 0.040
 491.64737 18.747 0.043
 491.69151 18.832 0.042
 491.80493 18.988 0.058
 492.57974 18.991 0.058
 492.65406 19.189 0.065
 493.58278 18.786 0.040
 493.62726 18.819 0.043
 494.57750 19.098 0.055
 494.62143 18.828 0.042
 494.66565 18.701 0.045
 494.70998 18.600 0.039
 494.75496 18.704 0.041
 495.58030 18.907 0.064
 495.65394 19.152 0.080
 495.70742 19.021 0.077
 496.57568 18.567 0.037
 496.62047 18.736 0.049
 496.66454 18.748 0.068
 496.70945 18.913 0.076
 498.57475 18.812 0.045
 498.61879 18.848 0.040
 498.73254 19.062 0.061
 498.77648 18.864 0.052
 499.56971 19.120 0.064
 499.61542 19.297 0.071
 499.75572 18.631 0.047
 500.55353 18.970 0.089
 500.61242 18.911 0.072
 500.65732 18.864 0.055
 501.57661 18.873 0.052
 501.69535 18.762 0.060
 507.56505 18.887 0.040
 507.61022 18.748 0.058
 507.68204 18.841 0.078
 509.56088 19.006 0.059
 509.60797 19.082 0.060
 509.66030 19.041 0.065
 510.60254 18.651 0.041
 510.64810 18.930 0.062
 510.69567 18.835 0.056
 511.68798 18.864 0.122
 512.59466 18.773 0.039
 512.64297 18.834 0.079
 513.57494 19.038 0.051
 513.62051 18.765 0.042
 514.58318 18.840 0.042
 515.57734 18.725 0.037
 515.63207 18.732 0.041
 515.68032 18.821 0.042
 516.58364 18.936 0.067
 516.63785 19.203 0.074
 517.58164 18.835 0.052
 517.63147 18.803 0.052
 517.68145 18.942 0.058
 517.72760 18.899 0.059
 518.61898 19.114 0.064
 518.66423 19.005 0.067
 518.71330 18.768 0.059
 519.57959 18.893 0.052
 519.62623 18.864 0.058
 519.70865 19.079 0.072
 521.57591 19.002 0.070
 521.62102 18.976 0.067
 521.68380 19.070 0.092
 523.58509 19.058 0.062
 523.63778 19.149 0.067
 523.68766 19.140 0.129
 524.57747 18.671 0.054
 524.62748 18.913 0.077
 527.68972 18.710 0.058
 530.57986 19.172 0.101
 531.57728 18.983 0.074
 532.56674 19.073 0.077
 533.58397 18.876 0.062
 534.57318 18.748 0.079
 534.61730 18.893 0.066
 534.66906 18.934 0.084
 535.55777 19.037 0.060
 535.61807 18.907 0.064
 536.53693 18.720 0.042
 537.53150 19.072 0.058
 537.67855 18.883 0.084
 538.51949 18.696 0.053
 539.52813 19.159 0.067
 539.63924 18.736 0.043
 539.68331 18.724 0.042
 541.53851 18.698 0.040
 542.52761 19.018 0.054
 542.62696 19.087 0.060
 542.67110 19.326 0.086
 543.56583 18.864 0.046
 543.64694 18.834 0.049
 544.51862 19.191 0.068
 544.65239 18.875 0.054
 551.50835 19.219 0.062
 552.51981 18.835 0.052
 553.52511 18.802 0.062
 554.50187 18.893 0.071
 554.58732 18.995 0.095
 555.50818 18.788 0.085
 557.60876 18.954 0.097
 558.55554 18.873 0.149
 559.53936 18.899 0.076
 560.51738 18.616 0.066
 561.51742 18.940 0.083
 562.51898 18.811 0.077
 564.52016 18.896 0.076
 565.52597 18.829 0.072
 566.51995 18.977 0.061
 567.52100 18.696 0.047
 568.50626 19.027 0.135
 569.51606 18.986 0.079
 571.50189 18.887 0.067
 572.53192 18.709 0.062
 574.49374 18.690 0.060
 575.49233 19.126 0.101
 577.50131 19.265 0.102
 578.51483 19.119 0.078
 582.49701 19.119 0.111
 583.49976 18.757 0.058
 672.88520 19.104 0.068
 689.86920 18.975 0.077
 699.87041 18.797 0.062
 701.83600 18.995 0.095
 704.87851 18.815 0.066
 706.85994 18.832 0.074
 714.82739 19.193 0.074
 716.79198 18.759 0.056
 728.78714 18.972 0.065
 729.78717 19.000 0.072
 730.74272 18.840 0.065
 733.83372 19.102 0.114
 741.83696 18.974 0.070
 745.79180 19.221 0.098
 747.84019 18.811 0.062
 753.79407 18.921 0.079
 759.82860 18.821 0.062
 766.80277 18.937 0.091
 772.82186 18.896 0.064
 775.80360 18.752 0.049
 779.82225 18.950 0.068
 787.79864 18.823 0.059
 789.78267 18.890 0.062
 790.79312 19.259 0.100
 795.75077 19.165 0.076
 797.75042 19.146 0.073
 798.72238 18.938 0.061
 805.80728 18.980 0.097
 816.77829 18.893 0.065
 817.69751 18.913 0.056
 819.79721 18.945 0.064
 822.81141 18.884 0.052
 824.84071 19.008 0.073
 826.66414 18.957 0.072
 829.73477 18.989 0.084
 832.69098 18.739 0.053
 836.78981 19.041 0.092
 840.66917 19.049 0.088
 843.66963 18.838 0.053
 850.64321 18.823 0.066
 854.68101 19.052 0.084
 855.64793 19.005 0.206
 856.61427 19.222 0.108
 858.58683 18.619 0.051
 875.56216 18.786 0.060
 880.54774 19.046 0.073
 887.56104 19.046 0.092
 892.68932 19.197 0.089
 895.53546 18.817 0.083
 898.54230 18.688 0.045
 922.60965 18.786 0.074
 928.53563 19.017 0.101
 931.55754 18.733 0.097
 933.56729 19.072 0.082
 947.50695 18.928 0.115
 952.50075 19.006 0.080
1045.89534 18.907 0.074
1051.87560 18.857 0.074
1052.91080 18.788 0.068
1053.89102 19.075 0.068
1054.90672 18.747 0.058
1055.87919 19.230 0.115
1059.89196 18.730 0.070
1061.90173 18.899 0.084
1068.89980 18.759 0.049
1076.87111 19.159 0.090
1081.87423 19.122 0.092
1087.82129 18.675 0.058
1091.82381 18.980 0.090
1102.80622 19.221 0.058
1106.86126 18.919 0.062
1107.78903 19.084 0.076
1113.80181 18.879 0.062
1119.80654 19.073 0.080
1126.86259 19.183 0.092
1131.70035 19.056 0.095
1132.75236 18.750 0.054
1136.78566 19.079 0.076
1138.80978 19.076 0.072
1142.67681 19.120 0.064
1144.74572 18.748 0.049
1151.77156 18.789 0.060
1155.77086 19.012 0.072
1158.76840 18.892 0.065
1161.74632 18.736 0.046
1165.76706 18.764 0.056
1169.76193 19.108 0.089
1174.73577 18.936 0.067
1179.75257 18.988 0.080
1181.82464 19.091 0.088
1186.77906 18.976 0.064
1187.84033 18.855 0.060
1189.84913 18.890 0.064
1196.71908 18.800 0.071
1201.72790 18.837 0.060
1203.74777 18.876 0.055
1207.60469 18.697 0.067
1211.64243 19.136 0.070
1214.64331 18.846 0.059
1217.61819 18.785 0.040
1220.62302 18.717 0.043
1223.64925 19.047 0.062
1225.59018 19.100 0.052
1227.67069 18.696 0.045
1231.56660 18.844 0.059
1234.61484 18.661 0.048
1236.62232 18.721 0.068
1240.57479 18.907 0.059
1242.67650 19.069 0.079
1244.62610 18.877 0.056
1247.55667 18.950 0.068
1252.67254 18.894 0.115
1256.54139 19.008 0.090
1260.56688 18.684 0.047
1265.54185 18.702 0.048
1273.58774 18.913 0.084
1277.52402 18.962 0.068
1281.56778 18.877 0.070
1288.52229 18.816 0.067
1290.58969 19.118 0.079
1296.52704 18.803 0.064
1298.56495 18.786 0.073
1301.50669 19.059 0.083
1305.55248 18.858 0.066
1308.48200 19.334 0.094
1313.52850 19.138 0.092
1316.52036 18.882 0.036
1319.49663 18.780 0.054
1329.50571 18.669 0.070
1332.48097 19.102 0.109
1340.46812 18.900 0.085
1412.85498 19.035 0.072
1418.85221 18.822 0.061
1430.90673 18.834 0.053
1432.84055 18.816 0.067
1435.81658 18.700 0.079
1437.80047 18.824 0.066
1440.84811 18.883 0.064
1446.86021 18.803 0.077
1447.88573 18.822 0.084
1451.87000 18.840 0.060
1459.78747 19.044 0.084
1462.79174 19.025 0.071
1470.85212 18.898 0.051
1475.76474 18.806 0.048
1478.72011 19.193 0.105
1481.69377 18.850 0.066
1487.72317 18.664 0.043
1490.72000 19.127 0.084
1492.71312 18.949 0.060
1495.71161 18.975 0.056
1499.66940 19.089 0.094
1502.66463 19.048 0.077
1505.70523 18.873 0.061
1507.83868 19.057 0.067
1510.81466 19.114 0.068
1512.71144 18.956 0.071
1514.82252 19.172 0.083
1517.65800 18.897 0.055
1519.73163 19.087 0.061
1521.66738 18.937 0.058
1523.78814 18.517 0.049
1525.78249 18.809 0.047
1527.71145 18.712 0.042
1528.75780 19.138 0.062
1529.77889 18.983 0.053
1531.77201 18.993 0.062
1538.72854 19.072 0.064
1541.68464 18.828 0.042
1542.71451 18.880 0.053
1544.64053 18.718 0.041
1547.76747 19.041 0.055
1548.74506 18.980 0.052
1549.73931 18.603 0.035
1552.60405 19.063 0.055
1554.73054 18.941 0.046
1555.73725 18.968 0.049
1562.74020 18.931 0.079
1564.61876 18.955 0.076
1567.71136 18.882 0.065
1570.61671 18.541 0.039
1574.75864 19.008 0.051
1577.70831 18.806 0.052
1580.74438 18.672 0.047
1583.62975 18.962 0.056
1585.75163 18.810 0.051
1589.63457 18.697 0.048
1592.62635 19.038 0.055
1595.67226 18.995 0.071
1599.61389 19.010 0.053
1601.68991 18.800 0.065
1604.57146 18.993 0.076
1606.60633 19.197 0.074
1609.64769 19.019 0.064
1610.63281 18.770 0.054
1613.52384 19.075 0.077
1615.55580 18.608 0.053
1617.62716 18.858 0.052
1619.61083 18.828 0.064
1620.56200 18.864 0.072
1622.51216 18.736 0.061
1624.50872 18.684 0.061
1626.50955 18.770 0.061
1627.63065 18.629 0.062
1629.50968 18.663 0.053
1630.59108 19.029 0.064
1632.52763 19.200 0.089
1634.50535 18.834 0.058
1643.49729 18.778 0.055
1646.49624 19.151 0.114
1654.53468 18.956 0.073
1656.52089 19.139 0.077
1659.52837 18.904 0.071
1661.55233 19.060 0.068
1663.57794 19.074 0.058
1667.51921 18.742 0.073
1670.54095 18.955 0.076
1673.51141 18.886 0.100
1681.48133 18.767 0.096
1694.48580 19.164 0.105
1769.87288 19.032 0.071
1771.89969 18.590 0.064
1772.87955 19.123 0.067
1775.88062 18.870 0.053
1784.86524 19.002 0.077
1789.85392 18.977 0.046
1804.80355 18.694 0.048
1808.88410 19.005 0.068
1812.79864 18.965 0.053
1816.80999 18.801 0.046
1821.80057 19.109 0.059
1823.84269 18.812 0.040
1826.82577 19.158 0.091
1829.79945 18.959 0.073
1830.81274 18.965 0.073
1834.85173 18.965 0.070
1845.84917 18.999 0.049
1851.84655 18.868 0.067
1859.78887 19.025 0.061
1861.80606 18.764 0.051
1864.78352 19.127 0.066
1865.76371 18.879 0.049
1867.81749 19.059 0.056
1868.80306 18.775 0.040
1870.73636 18.736 0.041
1871.82035 18.897 0.043
1873.77993 18.699 0.042
2167.86807 18.809 0.068
2186.84186 18.785 0.103
2190.82726 18.681 0.053
2192.87023 18.590 0.054
2193.79178 19.032 0.062
2202.79126 19.202 0.101
2214.83893 18.939 0.100
2224.79337 18.794 0.062
2227.70424 18.661 0.062
2229.70971 18.740 0.071
2231.67808 18.880 0.079
2233.64640 18.853 0.065
2236.65875 18.822 0.078
2239.62679 18.629 0.077
2241.71371 18.787 0.077
2243.76742 18.950 0.074
2247.84931 18.578 0.053
2248.85196 19.063 0.070
2250.78200 18.789 0.055
2252.69899 18.928 0.071
2254.69027 19.170 0.073
2257.69848 18.842 0.058
2260.70395 18.800 0.055
2263.73081 18.527 0.067
2264.70952 18.872 0.059
2266.69531 19.052 0.085
2270.76248 18.686 0.054
2271.84323 18.759 0.037
2272.74868 18.774 0.070
2274.74022 18.961 0.067
2276.80160 18.809 0.079
2278.66585 19.111 0.088
2280.74419 18.633 0.048
2282.74010 18.659 0.051
2284.81432 18.808 0.054
2289.80358 18.834 0.061
2292.82001 18.576 0.065
2294.78812 18.655 0.094
2296.80881 18.842 0.111
2298.80244 18.766 0.072
2302.75319 18.988 0.090
2315.67893 18.717 0.058
2324.53678 18.866 0.100
2328.52368 19.129 0.117
2334.51697 18.718 0.058
2364.50646 18.685 0.092
2385.52393 19.121 0.123
2529.86808 19.045 0.084
2539.86806 19.026 0.108
2545.83527 19.240 0.113
2552.89377 18.750 0.076
2556.88243 18.762 0.067
2560.79169 18.882 0.071
2561.79321 18.778 0.074
2565.79967 18.911 0.084
2574.74973 18.896 0.070
2578.81808 18.811 0.080
2586.74015 19.075 0.101
2590.78842 19.350 0.121
2596.79513 18.902 0.078
2605.83493 18.857 0.073
2609.79999 18.859 0.094
2614.77734 19.083 0.102
2618.80793 18.883 0.089
2621.73308 19.111 0.083
2624.65264 18.966 0.082
2627.76172 18.857 0.086
2629.78266 18.986 0.092
2632.68247 18.706 0.055
2635.78309 18.643 0.055
2638.70089 18.978 0.080
2640.79758 18.926 0.102
2642.75583 18.632 0.080
2644.75481 18.797 0.062
2646.71449 19.062 0.086
2650.76579 18.858 0.082
2652.86017 18.720 0.060
2654.78918 18.679 0.066
2656.69466 18.598 0.070
2658.65709 18.745 0.065
2660.67627 18.854 0.082
2662.69085 19.033 0.095
2664.66583 19.095 0.096
2666.73138 19.182 0.082
2668.72228 18.660 0.061
2672.81599 19.077 0.089
2674.72185 19.041 0.088
2676.71102 19.172 0.094
2678.78338 18.985 0.067
2680.67012 18.921 0.078
2682.71544 18.569 0.073
2687.60386 19.152 0.111
2692.60254 19.128 0.100
2696.59376 18.713 0.072
2701.58545 18.605 0.077
2708.51512 18.920 0.111
2715.51075 18.726 0.101
2870.92906 18.863 0.086
2890.86355 18.649 0.083
2895.89942 18.736 0.056
2900.86365 19.101 0.079
2911.84905 18.728 0.051
2917.76302 19.033 0.079
2922.88518 18.978 0.098
2926.81812 19.166 0.094
2931.74637 19.161 0.083
2934.78715 19.024 0.068
2940.76767 19.243 0.086
2943.77186 19.035 0.078
2947.78050 18.766 0.052
2949.87036 18.851 0.082
2950.69431 18.923 0.072
2954.71764 18.945 0.088
2956.76299 18.819 0.067
2958.80465 18.841 0.070
2962.80179 18.925 0.060
2965.82480 18.917 0.060
2968.69250 18.780 0.062
2973.76601 18.612 0.051
2976.63244 19.121 0.091
2978.83351 18.744 0.061
2980.74848 18.643 0.052
2982.75655 18.805 0.054
2984.78814 18.862 0.065
2987.66953 18.644 0.062
2989.62763 18.649 0.051
2991.69160 18.820 0.058
2993.71192 19.005 0.096
2995.78677 19.258 0.097
2997.75738 19.061 0.080
2999.65707 18.989 0.061
3000.70597 18.950 0.073
3002.69426 18.881 0.061
3004.69512 19.076 0.068
3006.63861 18.986 0.072
3008.79352 18.820 0.065
3010.71309 18.734 0.074
3011.76805 18.654 0.078
3015.78562 19.053 0.123
3017.77331 19.012 0.076
3019.72702 18.945 0.094
3021.82000 18.879 0.067
3023.68208 19.181 0.068
3025.65351 18.691 0.046
3027.69908 18.709 0.055
3029.68399 18.781 0.060
3031.75406 19.055 0.080
3033.81765 19.147 0.080
3036.61613 18.781 0.055
3039.55801 18.723 0.060
3041.66605 18.568 0.080
3043.67676 19.292 0.138
3045.73963 19.132 0.095
3047.69328 19.129 0.098
3048.62449 18.815 0.051
3050.64151 18.929 0.061
3052.64290 19.050 0.077
3054.64738 19.082 0.094
3056.63554 18.760 0.055
3058.62948 18.717 0.071
3060.67910 18.764 0.061
3066.52541 18.972 0.116
3068.56496 18.840 0.084
3070.63721 18.681 0.082
3073.65705 19.342 0.119
3076.58090 18.964 0.105
3078.66769 19.083 0.094
3082.64469 18.683 0.045
3085.54713 18.901 0.078
3088.51013 18.772 0.076
3090.65184 19.125 0.085
3093.53444 18.860 0.092
3098.64375 18.864 0.076
3102.61446 19.085 0.097
3105.62019 19.049 0.088
3108.59815 18.617 0.049
3111.54653 19.012 0.105
3129.48884 18.626 0.077
3134.50970 18.831 0.074
3216.90355 18.734 0.079
3242.83830 18.758 0.071
3248.89105 18.917 0.077
3264.83869 19.106 0.076
3270.90539 18.870 0.076
3274.79075 19.074 0.097
3278.84570 18.617 0.059
3282.82188 18.891 0.065
3287.79529 18.703 0.045
3295.75289 18.980 0.059
3297.74498 18.981 0.055
3299.80913 18.730 0.039
3301.80648 18.769 0.070
3304.87092 18.610 0.058
3309.77250 19.165 0.084
3311.77045 18.687 0.056
3320.81808 19.049 0.070
3327.78599 18.974 0.070
3330.74435 18.566 0.062
3334.84384 19.103 0.111
3339.79167 18.890 0.070
3353.83797 19.327 0.109
3357.62826 18.929 0.070
3360.66709 18.803 0.059
3363.77535 18.849 0.066
3369.85265 18.953 0.085
3375.78900 18.750 0.064
3378.71453 19.047 0.072
3394.59764 19.156 0.101
3396.64849 18.750 0.062
3399.75111 18.534 0.065
3403.73847 18.980 0.070
3408.62292 18.567 0.048
3413.57790 18.767 0.059
3417.59499 18.783 0.064
3425.60314 19.377 0.144
3431.59113 18.895 0.061
3437.56667 19.344 0.115
3446.53576 18.788 0.070
3456.49730 18.969 0.100
3474.48389 18.830 0.096
3603.92609 19.038 0.080
3619.86910 19.335 0.104
3633.84559 18.863 0.077
3639.81205 18.850 0.056
3644.84810 18.980 0.067
3651.79055 18.872 0.061
3654.83832 18.630 0.051
3658.80191 19.128 0.085
3660.82671 18.956 0.086
3665.82070 18.838 0.079
3670.79042 18.813 0.073
3673.80054 18.658 0.048
3676.80058 19.084 0.067
3684.85458 18.993 0.068
3687.82694 18.922 0.059
3690.74688 19.136 0.088
3693.78439 19.073 0.084
3695.81571 19.306 0.088
3698.80528 19.106 0.092
3700.82391 19.349 0.140
3703.75798 18.993 0.070
3705.82218 19.024 0.061
3708.80998 18.854 0.079
3712.76750 19.035 0.066
3714.83827 19.203 0.080
3717.73067 19.009 0.085
3720.81876 18.912 0.073
3724.73639 19.098 0.067
3727.81098 19.050 0.072
3728.77373 18.888 0.058
3731.77727 18.966 0.059
3732.76036 18.818 0.051
3735.61678 19.073 0.055
3737.78665 18.836 0.045
3740.74857 19.172 0.068
3742.75588 18.765 0.074
3745.79184 19.302 0.091
3748.76165 19.140 0.110
3750.77183 18.923 0.072
3752.78189 19.332 0.111
3754.79968 18.680 0.051
3757.58065 18.937 0.074
3759.78574 18.841 0.059
3763.65767 18.719 0.040
3766.61407 19.024 0.064
3770.70060 18.790 0.068
3773.73335 18.765 0.068
3776.70506 19.057 0.098
3779.65834 18.733 0.085
3783.57501 18.848 0.064
3788.54773 18.802 0.051
3792.58520 19.009 0.071
3800.56708 18.926 0.066
3810.52513 18.733 0.070
3824.49532 18.817 0.077
3950.91893 18.938 0.068
3964.91767 18.690 0.045
3970.84256 18.765 0.060
3981.91111 18.908 0.076
3990.89983 18.964 0.083
3998.90362 19.261 0.094
4003.71731 18.859 0.055
4005.89303 19.142 0.070
4006.73859 18.634 0.043
4008.75938 18.948 0.054
4013.75992 18.637 0.055
4018.89250 18.743 0.070
4024.75646 19.171 0.068
4026.83410 19.260 0.088
4029.77869 19.070 0.076
4032.80953 18.961 0.095
4038.76126 19.123 0.077
4041.72123 18.932 0.065
4043.72617 19.224 0.091
4049.68871 18.904 0.060
4052.75003 19.247 0.071
4054.73699 18.945 0.095
4056.79600 18.749 0.055
4058.84316 19.000 0.071
4063.72598 18.855 0.058
4065.84912 18.893 0.072
4067.69102 18.826 0.052
4070.71325 18.817 0.056
4074.78199 19.068 0.084
4077.83076 18.850 0.065
4080.70734 18.677 0.060
4084.63566 18.723 0.059
4086.79139 18.771 0.067
4093.83277 18.998 0.071
4105.85098 19.134 0.096
4111.77011 18.760 0.049
4117.71051 18.671 0.059
4121.68847 18.857 0.091
4124.77073 19.080 0.067
4132.72664 18.846 0.086
4142.74838 18.693 0.103
4156.58349 19.230 0.098
4168.54399 19.028 0.077
4198.49812 18.754 0.078
4343.83412 19.083 0.095
4347.90118 18.773 0.065
4353.83435 18.947 0.068
4358.78576 18.859 0.100
4363.82827 18.652 0.079
4367.78807 19.154 0.102
4370.82483 18.872 0.083
4373.82426 18.695 0.055
4377.84327 18.991 0.089
4380.88794 18.808 0.066
4386.83380 19.101 0.100
4390.79580 18.922 0.076
4394.81339 18.925 0.065
4399.76996 18.735 0.076
4407.73288 19.085 0.088
4412.75651 18.961 0.088
4418.84202 18.945 0.062
4422.73413 18.905 0.067
4427.70978 18.798 0.071
4430.71310 18.671 0.083
4433.73072 19.097 0.088
4436.81208 18.896 0.083
4440.67297 19.104 0.090
4443.76542 19.027 0.096
4449.72804 18.797 0.059
4451.76762 18.854 0.068
4452.74693 19.122 0.096
4455.73711 18.887 0.079
4457.76732 19.031 0.107
4459.73199 19.238 0.103
4462.70980 18.932 0.080
4464.78014 19.082 0.104
4467.75588 18.941 0.067
4471.81380 18.866 0.073
4472.64319 18.818 0.053
4476.69674 19.014 0.068
4480.80021 18.794 0.062
4483.78849 19.197 0.111
4486.81477 19.175 0.131
4492.67256 19.221 0.110
4497.73425 19.006 0.074
4500.57591 18.975 0.082
4502.71711 19.264 0.127
4507.72000 19.035 0.092
4509.67169 19.248 0.114
4521.66832 18.920 0.084
4523.65334 19.200 0.110
4525.61801 18.756 0.074
4531.59400 18.940 0.073
4533.59637 18.979 0.076
4537.64645 18.778 0.072
4539.56558 18.724 0.074
4541.64776 18.931 0.083
