6785.90808 12.814 0.005
6789.68669 12.758 0.005
6790.71714 12.738 0.005
6791.72986 12.721 0.005
6796.73450 12.642 0.005
6803.64171 12.552 0.005
6804.80029 12.539 0.005
6805.84922 12.527 0.005
6808.60512 12.500 0.005
6809.63891 12.483 0.005
6810.68406 12.478 0.005
6811.72296 12.460 0.005
6813.82901 12.434 0.005
6814.89498 12.415 0.005
6816.63572 12.407 0.005
6817.71083 12.395 0.005
6824.57081 12.293 0.005
6825.58483 12.278 0.005
6826.58090 12.263 0.005
6827.61140 12.243 0.005
6828.68356 12.224 0.005
6829.73760 12.209 0.005
6830.76083 12.186 0.005
6832.52855 12.152 0.005
6833.56386 12.145 0.005
6834.57772 12.132 0.005
6835.61473 12.114 0.005
6837.63094 12.102 0.005
6838.64512 12.087 0.005
6839.66027 12.079 0.005
6840.74625 12.071 0.005
6844.54140 12.064 0.005
6845.54478 12.060 0.005
6851.55781 12.066 0.005
6852.56212 12.052 0.005
6855.59830 12.071 0.005
6856.64695 12.079 0.005
6857.67705 12.081 0.005
6858.71973 12.089 0.005
6862.66308 12.127 0.005
6863.71511 12.130 0.005
6865.55428 12.159 0.005
6872.53732 12.272 0.005
6879.55165 12.412 0.005
6881.63886 12.455 0.005
6885.51084 12.545 0.005
6886.67447 12.578 0.005
6888.62994 12.632 0.005
6890.59957 12.688 0.005
7083.90660 12.964 0.005
7087.80575 12.936 0.005
7090.79783 12.906 0.005
7097.86790 12.798 0.005
7100.79232 12.738 0.005
7102.92198 12.683 0.005
7111.83223 12.506 0.005
7113.83340 12.473 0.005
7115.81416 12.444 0.005
7117.78973 12.428 0.005
7119.80997 12.403 0.005
7126.70768 12.330 0.005
7129.88074 12.324 0.005
7131.74007 12.312 0.005
7133.83061 12.321 0.005
7134.91832 12.318 0.005
7136.74050 12.323 0.005
7137.84493 12.331 0.005
7138.90690 12.333 0.005
7140.71878 12.342 0.005
7141.78324 12.359 0.005
7142.91969 12.363 0.005
7144.69311 12.372 0.005
7145.92503 12.381 0.005
7151.79202 12.449 0.005
7153.75201 12.484 0.005
7154.79733 12.493 0.005
7155.84727 12.509 0.005
7157.66730 12.553 0.005
7158.76101 12.554 0.005
7159.78959 12.573 0.005
7160.82292 12.590 0.005
7161.84952 12.617 0.005
7162.85212 12.628 0.005
7163.86083 12.655 0.005
7165.62928 12.701 0.005
7166.94016 12.728 0.005
7169.87863 12.800 0.005
7170.86061 12.815 0.005
7172.87862 12.860 0.005
7173.90341 12.899 0.005
7454.88479 12.873 0.005
7457.90042 12.976 0.005
7461.87880 13.100 0.005
7465.86388 13.221 0.005
7470.85931 13.369 0.005
7607.69352 13.088 0.005
7609.54213 13.038 0.005
7610.68479 13.024 0.005
7616.68354 12.925 0.005
7618.57322 12.893 0.005
7799.89034 14.535 0.007
7803.89488 14.553 0.008
7807.88366 14.607 0.007
7810.84542 14.498 0.006
7812.88077 14.523 0.007
7815.87873 14.499 0.007
7817.86332 14.547 0.007
7819.84419 14.454 0.007
7862.77302 13.242 0.005
7863.91161 13.240 0.005
7864.87266 13.217 0.005
7865.89764 13.209 0.005
7866.92252 13.186 0.005
7868.81016 13.132 0.005
8183.81229 12.775 0.005
8189.90680 12.676 0.005
8191.89393 12.639 0.005
8215.80803 12.292 0.005
8353.58388 14.331 0.007
8382.58716 14.078 0.006
8385.55898 14.064 0.005
