5262.50439 18.692 0.049
5264.50622 18.663 0.039
5265.59114 18.505 0.041
5266.50252 18.699 0.061
5267.50194 18.503 0.048
5268.53119 18.820 0.053
5270.49852 18.752 0.047
5272.49743 18.775 0.057
5274.49748 18.798 0.051
5276.49409 18.823 0.055
5279.49543 18.555 0.049
5281.49043 18.630 0.053
5283.50815 18.662 0.058
5284.49112 18.537 0.044
5285.49107 18.677 0.053
5287.48990 18.674 0.044
5289.49685 18.711 0.049
5292.53731 18.582 0.042
5294.48800 18.537 0.037
5296.52015 18.644 0.041
5299.48459 18.817 0.051
5305.48400 18.610 0.041
5308.50077 18.739 0.055
5311.49090 18.451 0.052
5428.90459 18.653 0.036
5438.92825 18.490 0.062
5444.90951 18.576 0.030
5450.90625 18.712 0.035
5453.89703 18.479 0.027
5455.84077 18.575 0.027
5457.83738 18.427 0.020
5461.88136 18.484 0.028
5465.82628 18.572 0.041
5467.80037 18.536 0.036
5468.76176 18.805 0.047
5469.81341 18.634 0.029
5471.77733 18.560 0.028
5475.87126 18.683 0.031
5478.72169 18.941 0.040
5481.71543 18.616 0.032
5483.71241 18.682 0.037
5485.75471 18.706 0.028
5487.72345 18.718 0.030
5489.71527 18.745 0.034
5490.75796 18.545 0.035
5492.71418 18.528 0.034
5493.72333 18.753 0.050
5495.70355 18.718 0.038
5497.69302 18.794 0.051
5502.83059 18.685 0.029
5506.84215 18.729 0.029
5510.74956 18.750 0.031
5512.76875 18.765 0.032
5514.77155 18.800 0.033
5516.77441 18.834 0.034
5518.79237 18.922 0.074
5521.79492 18.728 0.053
5523.75573 18.684 0.040
5525.75862 18.610 0.029
5527.72255 18.641 0.027
5529.71260 18.732 0.037
5530.67218 18.584 0.030
5531.85761 18.762 0.047
5533.80225 18.790 0.034
5534.66337 18.404 0.029
5535.75402 18.748 0.033
5536.84965 18.664 0.038
5539.79315 18.872 0.039
5541.73403 18.794 0.033
5543.74662 18.918 0.054
5545.69552 18.866 0.052
5547.69775 18.797 0.042
5549.71101 18.562 0.035
5551.71939 18.488 0.038
5554.75938 18.798 0.042
5557.73329 18.559 0.032
5558.74575 18.801 0.035
5559.63284 18.486 0.036
5561.71106 18.556 0.035
5565.74278 18.664 0.035
5566.76399 18.704 0.039
5570.79726 18.467 0.035
5574.78889 18.514 0.026
5574.79348 18.550 0.028
5575.79118 18.675 0.042
5576.78790 18.534 0.029
5577.72650 18.726 0.041
5578.73004 18.502 0.039
5579.77874 18.782 0.069
5580.72376 18.530 0.033
5582.75640 18.559 0.037
5583.67372 18.727 0.034
5589.73193 18.758 0.034
5590.66388 18.647 0.029
5592.73739 18.685 0.031
5594.68688 18.666 0.032
5595.68505 18.599 0.027
5597.68158 18.439 0.026
5599.69052 18.488 0.030
5601.71600 18.484 0.028
5602.68806 18.715 0.027
5604.70879 18.709 0.041
5605.69474 18.557 0.027
5607.64961 18.521 0.036
5609.66512 18.617 0.050
5612.64710 18.734 0.054
5615.60168 18.632 0.029
5623.54178 18.689 0.037
5626.53749 18.578 0.035
5628.53882 18.476 0.042
5630.55600 18.476 0.031
5632.53460 18.508 0.040
5634.52782 18.488 0.043
5638.53109 18.647 0.069
5640.55130 18.519 0.046
5642.52724 18.591 0.029
5644.52784 18.589 0.032
5646.49029 18.665 0.054
5648.49105 18.647 0.051
5650.48816 18.691 0.044
5652.48874 18.700 0.035
5653.51501 18.511 0.037
5654.51048 18.802 0.047
5656.49104 18.767 0.038
5659.48691 18.534 0.034
5665.47893 18.653 0.047
5668.51581 18.772 0.051
5670.47502 18.799 0.059
5672.50715 18.491 0.035
5676.49512 18.485 0.020
5680.47113 18.475 0.046
5682.46803 18.576 0.052
5785.91747 18.843 0.042
5796.91939 18.756 0.043
5803.85329 18.453 0.027
5806.92068 18.835 0.041
5807.84902 18.486 0.032
5809.88017 18.577 0.024
5812.87594 18.841 0.033
5815.85524 18.578 0.031
5818.84428 18.822 0.042
5820.83316 18.575 0.033
5823.82562 18.704 0.034
5825.78277 18.690 0.026
5827.82560 18.728 0.029
5829.75883 18.709 0.025
5832.78322 18.509 0.021
5833.86833 18.852 0.032
5835.75931 18.732 0.032
5836.83286 18.563 0.028
5839.76160 18.810 0.035
5841.84291 18.589 0.029
5844.84606 18.734 0.050
5850.83445 18.715 0.031
5851.75754 18.476 0.028
5853.80984 18.538 0.032
5859.73906 18.587 0.030
5861.72302 18.626 0.036
5862.74953 18.714 0.026
5864.73137 18.805 0.030
5866.74126 18.825 0.037
5867.82046 18.714 0.029
5869.78187 18.707 0.030
5870.72187 18.653 0.031
5872.80487 18.442 0.027
5872.87285 18.537 0.059
5875.76602 18.732 0.035
5881.75361 18.798 0.043
5883.73896 18.807 0.046
5885.75094 18.906 0.052
5888.76693 18.650 0.039
5890.79364 18.676 0.037
5892.70258 18.750 0.049
5894.74448 18.708 0.030
5896.72901 18.690 0.037
5898.73971 18.748 0.034
5900.68222 18.742 0.042
5902.68255 18.728 0.046
5903.69920 18.464 0.039
5904.69729 18.725 0.034
5905.67118 18.421 0.030
5906.68303 18.855 0.047
5907.67469 18.571 0.033
5909.67886 18.542 0.033
5911.69069 18.581 0.030
5912.72522 18.825 0.036
5913.76644 18.672 0.029
5914.72328 18.569 0.024
5915.72933 18.691 0.025
5916.69904 18.560 0.029
5917.69603 18.671 0.024
5922.76388 18.557 0.024
5923.69106 18.797 0.028
5924.67209 18.505 0.025
5925.73508 18.726 0.037
5926.69785 18.578 0.028
5927.69723 18.803 0.039
5929.67117 18.824 0.037
5932.72180 18.591 0.035
5933.73431 18.791 0.042
5934.75522 18.700 0.036
5936.67634 18.648 0.037
5938.65646 18.616 0.033
5939.66500 18.529 0.033
5940.66151 18.640 0.027
5941.68987 18.475 0.029
5942.68506 18.743 0.036
5943.68591 18.434 0.027
5944.64914 18.705 0.026
5945.65875 18.475 0.026
5946.68232 18.728 0.029
5947.66598 18.549 0.035
5948.64255 18.758 0.031
5949.67211 18.567 0.036
5950.62465 18.772 0.030
5954.67012 18.804 0.025
5956.66960 18.831 0.030
5958.66628 18.818 0.031
5960.62990 18.897 0.031
5962.59924 18.843 0.050
5964.57368 18.739 0.049
5967.57934 18.695 0.038
5968.61406 18.437 0.032
5969.57983 18.702 0.031
5971.62108 18.740 0.026
5973.59706 18.794 0.027
5976.60417 18.595 0.031
5978.68047 18.703 0.029
5980.54709 18.567 0.037
5981.58913 18.876 0.040
5983.65403 18.572 0.024
5985.57606 18.861 0.033
5987.57533 18.781 0.035
5989.57643 18.548 0.028
5991.58791 18.472 0.046
5992.57261 18.772 0.038
5994.61052 18.720 0.043
5995.59361 18.492 0.039
5997.58081 18.533 0.036
6000.56527 18.766 0.034
6004.55205 18.835 0.042
6008.56081 18.831 0.032
6017.53850 18.777 0.039
6022.54552 18.519 0.037
6035.50108 18.720 0.040
6037.47763 18.692 0.052
6039.47643 18.581 0.050
6053.46329 18.713 0.060
6065.46321 18.697 0.056
6119.91819 18.715 0.049
6147.93288 18.544 0.050
6157.90331 18.603 0.033
6167.89480 18.785 0.038
6180.88583 18.599 0.037
6199.84833 18.594 0.060
6202.85552 18.881 0.046
6204.89045 18.571 0.033
6208.79912 18.749 0.032
6211.84984 18.773 0.041
6215.80175 18.726 0.032
6219.83786 18.791 0.038
6221.85239 18.818 0.036
6225.75249 18.722 0.039
6229.81131 18.874 0.052
6231.78386 18.794 0.042
6235.80351 18.450 0.025
6239.84384 18.503 0.030
6244.77790 18.817 0.031
6248.72956 18.738 0.032
6253.78962 18.676 0.027
6256.74200 18.641 0.034
6259.75182 18.708 0.046
6263.80856 18.749 0.031
6267.77218 18.768 0.035
6272.76796 18.634 0.033
6277.75360 18.634 0.021
6284.78831 18.743 0.027
6287.74986 18.565 0.034
6291.73533 18.599 0.038
6296.74112 18.865 0.035
6302.69883 18.641 0.026
6309.67775 18.723 0.031
6316.66076 18.589 0.038
6338.57194 18.706 0.034
6339.61003 18.511 0.024
6354.55294 18.673 0.032
6360.56316 18.474 0.024
6363.55981 18.795 0.035
6373.55272 18.914 0.040
6380.48706 18.757 0.048
6388.50354 18.723 0.036
6397.47467 18.725 0.051
6508.90524 18.478 0.028
6520.91784 18.585 0.028
6530.90422 18.712 0.038
6548.82427 18.802 0.030
6567.88539 18.887 0.042
6573.78916 18.899 0.028
6580.83693 18.676 0.028
6584.83208 18.678 0.033
6593.71016 18.574 0.037
6608.86075 18.522 0.026
6613.83323 18.887 0.051
6617.70377 18.785 0.028
6624.70933 18.643 0.026
6628.71806 18.781 0.038
6641.68579 18.564 0.033
6647.69799 18.698 0.029
6657.75780 18.759 0.029
6662.75945 18.736 0.037
6668.73554 18.667 0.030
6668.75276 18.677 0.030
6673.73327 18.443 0.039
6679.73026 18.554 0.023
6692.66870 18.617 0.024
6696.66408 18.478 0.027
6700.64701 18.579 0.032
6704.67717 18.652 0.051
6709.52774 18.777 0.032
6713.59128 18.931 0.054
6735.58413 18.566 0.032
6879.91007 18.549 0.039
6886.90000 18.814 0.033
6895.90633 18.732 0.036
6909.85420 18.789 0.050
6924.78313 18.720 0.027
6929.82271 18.573 0.037
6932.75239 18.834 0.043
6938.74215 18.862 0.050
6942.75694 18.922 0.048
6949.79308 18.740 0.031
6954.80079 18.501 0.023
6958.77087 18.604 0.039
6964.82496 18.690 0.033
6969.77566 18.489 0.034
6975.76536 18.519 0.028
6978.70640 18.706 0.031
6980.73370 18.815 0.036
6984.72483 18.878 0.042
6989.72798 18.635 0.027
6994.70463 18.433 0.028
6998.76913 18.538 0.032
7001.69342 18.797 0.040
7006.71087 18.573 0.035
7012.66159 18.604 0.030
7016.75651 18.812 0.038
7020.74737 18.783 0.043
7024.73574 18.807 0.041
7027.63233 18.497 0.042
7032.70903 18.798 0.039
7038.64047 18.581 0.028
7043.63698 18.746 0.037
7049.62315 18.710 0.031
7055.64763 18.797 0.048
7061.68045 18.500 0.041
7068.65965 18.800 0.035
7076.63705 18.845 0.042
7082.53841 18.911 0.063
7086.59699 18.567 0.053
7090.58792 18.462 0.030
7097.57535 18.782 0.040
7104.54518 18.603 0.026
7112.54068 18.740 0.053
7118.52416 18.816 0.046
7124.47728 18.718 0.036
7131.49179 18.639 0.040
7135.47084 18.706 0.044
7139.46797 18.765 0.053
7142.46645 18.451 0.033
7269.91426 18.592 0.034
7282.85311 18.597 0.038
7291.75726 18.689 0.051
7295.77011 18.739 0.037
7302.82815 18.651 0.039
7308.79509 18.662 0.038
7317.75158 18.514 0.034
7325.71262 18.578 0.033
7334.71588 18.656 0.032
7339.72046 18.718 0.028
7344.74693 18.541 0.027
7353.82809 18.397 0.042
7356.82983 18.742 0.035
7364.72826 18.738 0.037
7367.76710 18.587 0.027
7373.70442 18.650 0.031
7378.78066 18.461 0.037
7383.69035 18.733 0.039
7387.70648 18.758 0.031
7395.68459 18.847 0.053
7400.67956 18.642 0.028
7407.66952 18.526 0.034
7409.64918 18.452 0.036
7425.64220 18.685 0.033
7432.63456 18.480 0.027
7436.60724 18.494 0.029
7441.61372 18.799 0.047
7446.58824 18.551 0.023
7449.59038 18.800 0.040
7453.58243 18.469 0.023
7458.59769 19.089 0.054
7465.50031 18.474 0.030
7471.53512 18.710 0.063
7475.51161 18.645 0.035
7495.47604 18.910 0.068
