5262.50439 18.826 0.055
5264.50622 18.860 0.048
5265.59114 18.918 0.059
5266.50252 18.713 0.063
5267.50194 18.970 0.073
5268.53119 18.737 0.051
5270.49852 18.895 0.053
5272.49743 18.852 0.062
5274.49748 18.999 0.061
5276.49409 18.701 0.051
5279.49543 19.051 0.076
5281.49043 18.719 0.058
5283.50815 18.767 0.064
5284.49112 19.107 0.075
5285.49107 18.897 0.065
5287.48990 18.932 0.057
5289.49685 18.988 0.062
5292.53731 19.015 0.062
5294.48800 19.041 0.058
5296.52015 18.758 0.048
5299.48459 18.970 0.059
5305.48400 18.841 0.051
5308.50077 18.812 0.060
5311.49090 18.852 0.076
5314.47236 19.030 0.083
5428.90459 18.937 0.047
5438.92825 18.920 0.093
5444.90951 18.814 0.037
5450.90625 18.904 0.041
5453.89703 18.942 0.041
5455.84077 19.034 0.040
5457.83738 18.679 0.025
5461.88136 18.835 0.037
5465.82628 18.919 0.057
5467.80037 18.898 0.051
5468.76176 18.857 0.050
5469.81341 18.738 0.032
5471.77733 18.808 0.035
5475.87126 18.950 0.039
5478.72169 18.862 0.039
5481.71543 18.749 0.036
5483.71241 18.817 0.042
5485.75471 18.911 0.032
5487.72345 18.943 0.036
5489.71527 18.816 0.036
5490.75796 18.938 0.050
5492.71418 18.959 0.050
5493.72333 18.828 0.054
5495.70355 18.834 0.042
5497.69302 18.984 0.060
5502.83059 18.829 0.034
5506.84215 18.802 0.031
5510.74956 18.835 0.034
5512.76875 18.992 0.038
5514.77155 18.756 0.032
5516.77441 18.739 0.032
5518.79237 18.855 0.070
5521.79492 18.713 0.053
5523.75573 18.827 0.046
5525.75862 18.878 0.036
5527.72255 18.934 0.034
5529.71260 19.012 0.048
5530.67218 18.840 0.037
5531.85761 18.855 0.051
5533.80225 18.878 0.038
5534.66337 19.010 0.049
5535.75402 18.867 0.037
5536.84965 18.794 0.043
5539.79315 18.794 0.037
5541.73403 18.710 0.032
5543.74662 18.850 0.052
5545.69552 18.966 0.056
5547.69775 18.874 0.046
5549.71101 19.043 0.053
5551.71939 18.797 0.050
5554.75938 18.882 0.047
5557.73329 18.993 0.047
5558.74575 18.763 0.035
5559.63284 19.055 0.059
5561.71106 18.722 0.040
5565.74278 18.865 0.042
5566.76399 18.716 0.040
5570.79726 19.005 0.056
5574.78889 18.792 0.032
5574.79348 18.839 0.036
5575.79118 18.932 0.054
5576.78790 18.714 0.034
5577.72650 18.944 0.051
5578.73004 18.819 0.053
5579.77874 18.820 0.071
5580.72376 18.907 0.046
5582.75640 18.892 0.050
5583.67372 18.742 0.035
5589.73193 18.990 0.042
5590.66388 18.817 0.034
5592.73739 19.024 0.040
5594.68688 19.015 0.043
5595.68505 18.858 0.033
5597.68158 18.872 0.037
5599.69052 18.980 0.044
5601.71600 18.760 0.035
5602.68806 18.933 0.032
5604.70879 18.928 0.051
5605.69474 18.817 0.034
5607.64961 18.926 0.052
5609.66512 18.940 0.067
5612.64710 18.871 0.061
5615.60168 18.779 0.033
5623.54178 18.994 0.049
5626.53749 19.009 0.052
5628.53882 19.038 0.070
5630.55600 18.768 0.039
5632.53460 18.813 0.053
5634.52782 18.795 0.058
5638.53109 19.007 0.097
5640.55130 18.646 0.052
5642.52724 18.730 0.033
5644.52784 18.855 0.040
5646.49029 18.909 0.068
5648.49105 19.030 0.072
5650.48816 18.790 0.050
5652.48874 18.710 0.036
5653.51501 19.076 0.060
5654.51048 18.872 0.051
5656.49104 18.856 0.042
5659.48691 18.838 0.044
5665.47893 18.784 0.053
5668.51581 18.995 0.062
5670.47502 18.785 0.060
5672.50715 18.719 0.042
5676.49512 18.896 0.030
5680.47113 18.931 0.070
5682.46803 18.758 0.061
5785.91747 18.809 0.041
5796.91939 18.691 0.042
5803.85329 18.741 0.035
5806.92068 18.680 0.037
5807.84902 18.958 0.048
5809.88017 19.050 0.034
5812.87594 18.925 0.036
5815.85524 18.823 0.040
5818.84428 18.753 0.040
5820.83316 18.774 0.040
5823.82562 18.742 0.036
5825.78277 18.809 0.029
5827.82560 18.811 0.031
5829.75883 18.914 0.030
5832.78322 18.835 0.027
5833.86833 18.711 0.030
5835.75931 18.757 0.034
5836.83286 19.000 0.040
5839.76160 18.865 0.037
5841.84291 19.001 0.040
5844.84606 18.917 0.060
5850.83445 18.797 0.034
5851.75754 19.007 0.043
5853.80984 18.695 0.037
5859.73906 18.894 0.038
5861.72302 18.859 0.043
5862.74953 18.840 0.029
5864.73137 18.795 0.030
5866.74126 18.934 0.041
5867.82046 18.847 0.033
5869.78187 18.842 0.034
5870.72187 18.702 0.032
5872.80487 18.867 0.038
5872.87285 18.873 0.081
5875.76602 18.698 0.034
5879.77384 18.917 0.072
5881.75361 18.938 0.050
5883.73896 19.015 0.056
5885.75094 18.652 0.043
5888.76693 18.820 0.046
5890.79364 18.678 0.037
5892.70258 18.783 0.051
5894.74448 18.871 0.035
5896.72901 18.922 0.046
5898.73971 19.040 0.044
5900.68222 18.815 0.047
5902.68255 18.768 0.048
5903.69920 18.949 0.061
5904.69729 18.862 0.039
5905.67118 18.737 0.039
5906.68303 18.785 0.044
5907.67469 18.707 0.038
5909.67886 18.767 0.039
5911.69069 18.914 0.040
5912.72522 18.650 0.032
5913.76644 18.958 0.037
5914.72328 18.795 0.028
5915.72933 18.768 0.027
5916.69904 18.952 0.040
5917.69603 18.682 0.025
5922.76388 18.747 0.029
5923.69106 18.969 0.032
5924.67209 18.770 0.032
5925.73508 18.709 0.037
5926.69785 18.917 0.037
5927.69723 18.737 0.038
5929.67117 18.778 0.037
5932.72180 18.724 0.039
5933.73431 18.952 0.050
5934.75522 18.805 0.040
5936.67634 18.860 0.046
5938.65646 19.017 0.048
5939.66500 18.824 0.043
5940.66151 18.923 0.034
5941.68987 18.883 0.041
5942.68506 18.757 0.037
5943.68591 18.940 0.040
5944.64914 18.802 0.029
5945.65875 18.918 0.037
5946.68232 18.852 0.032
5947.66598 18.773 0.043
5948.64255 18.914 0.036
5949.67211 18.847 0.047
5950.62465 19.023 0.038
5954.67012 18.802 0.026
5956.66960 18.794 0.029
5958.66628 18.876 0.033
5960.62990 19.000 0.034
5962.59924 18.807 0.049
5964.57368 18.600 0.043
5967.57934 18.979 0.049
5969.57983 18.748 0.033
5971.62108 18.799 0.028
5973.59706 18.995 0.032
5976.60417 18.861 0.039
5978.68047 18.978 0.037
5980.54709 18.884 0.050
5981.58913 18.793 0.038
5983.65403 18.911 0.031
5985.57606 18.941 0.036
5987.57533 19.018 0.043
5989.57643 18.760 0.034
5991.58791 18.777 0.060
5992.57261 19.019 0.048
5994.61052 18.668 0.043
5995.59361 18.939 0.058
5997.58081 19.082 0.059
6000.56527 18.963 0.041
6004.55205 18.781 0.041
6008.56081 18.838 0.033
6017.53850 18.999 0.049
6022.54552 18.990 0.058
6025.52074 19.044 0.081
6035.50108 18.968 0.051
6037.47763 18.973 0.069
6053.46329 18.750 0.063
6065.46321 18.844 0.067
6119.91819 18.833 0.055
6147.93288 18.784 0.061
6157.90331 18.640 0.035
6167.89480 18.768 0.039
6180.88583 18.827 0.047
6199.84833 18.809 0.074
6202.85552 18.695 0.040
6204.89045 18.711 0.037
6208.79912 18.940 0.039
6211.84984 18.827 0.046
6215.80175 18.987 0.040
6219.83786 18.742 0.038
6221.85239 18.875 0.039
6225.75249 18.921 0.047
6229.81131 18.837 0.051
6231.78386 18.836 0.044
6235.80351 18.930 0.035
6239.84384 18.805 0.039
6244.77790 18.653 0.028
6248.72956 18.857 0.036
6253.78962 18.852 0.031
6256.74200 18.788 0.038
6259.75182 18.711 0.046
6263.80856 18.881 0.035
6267.77218 19.012 0.043
6272.76796 19.091 0.048
6277.75360 18.927 0.028
6284.78831 18.661 0.026
6287.74986 18.930 0.047
6291.73533 18.742 0.042
6296.74112 18.773 0.033
6302.69883 18.887 0.032
6309.67775 19.055 0.041
6316.66076 18.796 0.046
6338.57194 18.843 0.038
6339.61003 18.960 0.034
6348.59970 18.829 0.049
6354.55294 18.797 0.035
6360.56316 18.769 0.030
6363.55981 18.772 0.035
6373.55272 18.826 0.038
6380.48706 18.741 0.048
6388.50354 19.044 0.049
6397.47467 18.640 0.048
6508.90524 18.805 0.037
6520.91784 18.883 0.036
6530.90422 18.845 0.043
6548.82427 18.746 0.029
6567.88539 19.000 0.048
6573.78916 18.661 0.023
6580.83693 18.809 0.032
6584.83208 18.890 0.039
6593.71016 19.031 0.056
6608.86075 18.665 0.029
6613.83323 18.668 0.042
6617.70377 18.807 0.029
6624.70933 18.750 0.029
6628.71806 19.134 0.053
6647.69799 18.738 0.031
6657.75780 18.805 0.030
6662.75945 18.862 0.043
6668.73554 18.987 0.038
6668.75276 19.063 0.040
6673.73327 18.872 0.058
6679.73026 18.780 0.028
6692.66870 18.692 0.026
6700.64701 19.055 0.049
6704.67717 18.739 0.055
6709.52774 18.787 0.033
6713.59128 18.917 0.055
6735.58413 19.053 0.050
6879.91007 18.818 0.050
6886.90000 18.925 0.037
6895.90633 18.715 0.037
6909.85420 18.832 0.053
6924.78313 18.691 0.027
6929.82271 18.764 0.044
6932.75239 19.082 0.055
6938.74215 18.871 0.051
6942.75694 18.983 0.051
6949.79308 18.761 0.033
6954.80079 18.665 0.026
6958.77087 18.903 0.052
6964.82496 18.692 0.034
6969.77566 18.718 0.041
6975.76536 18.893 0.038
6978.70640 18.802 0.034
6980.73370 18.959 0.041
6984.72483 18.736 0.039
6989.72798 18.808 0.031
6994.70463 18.817 0.038
6998.76913 18.808 0.040
7001.69342 18.740 0.039
7006.71087 18.755 0.041
7012.66159 18.941 0.039
7016.75651 18.707 0.036
7020.74737 18.952 0.051
7024.73574 18.811 0.042
7027.63233 18.829 0.057
7032.70903 18.897 0.043
7038.64047 18.689 0.031
7043.63698 18.800 0.040
7049.62315 18.950 0.037
7055.64763 18.909 0.053
7061.68045 18.761 0.055
7068.65965 18.770 0.035
7076.63705 18.902 0.044
7082.53841 18.798 0.059
7090.58792 18.737 0.038
7097.57535 18.801 0.041
7104.54518 18.863 0.033
7112.54068 18.770 0.055
7118.52416 18.935 0.052
7124.47728 18.823 0.040
7131.49179 18.926 0.053
7135.47084 18.698 0.044
7139.46797 18.797 0.055
7142.46645 18.698 0.041
7269.91426 18.865 0.043
7282.85311 18.968 0.053
7291.75726 18.999 0.068
7295.77011 18.767 0.039
7302.82815 18.893 0.049
7308.79509 18.815 0.043
7317.75158 18.783 0.043
7325.71262 18.693 0.037
7334.71588 18.951 0.041
7339.72046 18.882 0.032
7344.74693 18.925 0.037
7353.82809 18.791 0.061
7356.82983 19.038 0.046
7364.72826 18.795 0.039
7367.76710 18.794 0.032
7373.70442 18.955 0.039
7378.78066 18.757 0.049
7383.69035 18.983 0.050
7387.70648 18.810 0.034
7395.68459 18.872 0.055
7400.67956 18.926 0.035
7407.66952 18.743 0.042
7409.64918 18.869 0.053
7425.64220 19.019 0.043
7432.63456 18.759 0.034
7436.60724 18.772 0.037
7441.61372 18.757 0.046
7446.58824 18.747 0.027
7449.59038 18.695 0.037
7453.58243 18.886 0.032
7458.59769 18.878 0.047
7465.50031 18.800 0.039
7471.53512 18.772 0.068
7475.51161 18.880 0.043
7495.47604 18.890 0.068
