5262.51951 14.920 0.005
5264.52435 14.463 0.005
5265.57598 14.583 0.005
5267.51969 14.838 0.006
5269.50335 14.432 0.005
5272.51462 14.746 0.005
5273.49971 14.909 0.005
5275.49875 14.436 0.005
5277.51023 14.652 0.005
5280.51365 14.491 0.005
5282.49423 14.594 0.005
5284.50832 14.864 0.005
5285.50825 14.858 0.005
5288.50010 14.640 0.005
5291.49892 14.638 0.005
5294.50864 14.671 0.005
5296.53731 14.921 0.005
5298.52224 14.504 0.005
5301.48264 14.896 0.005
5306.49516 14.798 0.005
5308.51774 14.522 0.005
5312.47779 14.856 0.005
5315.46631 14.508 0.005
5428.92150 14.640 0.005
5439.84298 14.610 0.005
5444.86115 14.553 0.005
5449.91300 14.486 0.005
5450.84243 14.597 0.005
5454.84607 14.419 0.005
5457.85427 14.777 0.005
5459.78313 14.672 0.005
5463.84572 14.821 0.005
5467.82015 14.613 0.005
5468.77879 14.709 0.005
5469.83048 14.876 0.005
5471.79459 14.429 0.005
5475.88822 14.937 0.005
5478.74311 14.579 0.005
5480.73842 14.831 0.005
5482.73588 14.425 0.005
5484.74238 14.616 0.005
5486.72757 14.897 0.005
5488.71137 14.431 0.005
5489.73247 14.555 0.005
5491.71138 14.790 0.005
5492.73118 14.932 0.005
5494.72049 14.470 0.005
5496.76840 14.695 0.005
5499.79345 14.417 0.005
5505.86846 14.470 0.005
5510.76751 14.429 0.005
5512.78599 14.612 0.005
5514.78869 14.887 0.005
5516.79162 14.435 0.005
5518.81505 14.639 0.005
5521.81423 14.493 0.005
5523.77299 14.588 0.005
5525.78262 14.842 0.005
5527.70633 14.430 0.005
5528.84064 14.527 0.005
5529.73063 14.633 0.005
5530.76029 14.756 0.005
5532.75283 14.658 0.005
5533.81972 14.458 0.005
5534.68050 14.555 0.005
5535.77147 14.656 0.005
5539.81042 14.493 0.005
5541.75122 14.715 0.005
5543.80143 14.770 0.005
5545.80608 14.541 0.005
5547.71488 14.775 0.005
5549.72833 14.584 0.005
5551.73890 14.576 0.005
5554.77699 14.894 0.005
5557.75049 14.621 0.005
5559.79580 14.914 0.005
5561.72828 14.431 0.005
5565.75985 14.939 0.005
5568.74558 14.604 0.005
5571.71118 14.860 0.005
5574.80948 14.637 0.005
5575.82658 14.784 0.005
5576.80587 14.933 0.005
5577.76175 14.605 0.005
5578.76297 14.457 0.005
5580.74116 14.655 0.005
5581.74426 14.828 0.005
5582.79101 14.908 0.005
5584.74153 14.494 0.005
5585.73006 14.613 0.005
5587.68269 14.873 0.005
5590.64918 14.525 0.005
5591.72266 14.640 0.005
5593.67387 14.932 0.005
5594.70414 14.536 0.005
5595.71745 14.467 0.005
5596.74286 14.593 0.005
5599.67564 14.887 0.005
5602.70795 14.629 0.005
5604.69404 14.915 0.005
5605.71233 14.660 0.005
5607.66717 14.551 0.005
5609.68226 14.805 0.005
5612.66472 14.477 0.005
5615.61971 14.858 0.005
5624.60371 14.560 0.005
5626.55488 14.815 0.005
5629.54080 14.486 0.005
5631.53964 14.719 0.005
5633.58374 14.779 0.005
5635.54862 14.532 0.005
5639.55809 14.564 0.005
5641.52796 14.586 0.005
5643.52939 14.839 0.005
5645.52853 14.435 0.005
5647.49234 14.617 0.005
5649.49090 14.898 0.005
5651.49434 14.436 0.005
5653.57127 14.653 0.005
5655.49273 14.936 0.005
5657.48783 14.475 0.005
5660.53517 14.862 0.005
5666.53101 14.926 0.005
5669.51254 14.573 0.005
5672.52534 14.927 0.005
5676.51290 14.730 0.005
5679.54710 14.431 0.005
5680.48866 14.537 0.005
5683.47320 14.910 0.005
5684.47452 14.550 0.005
5785.93449 14.415 0.005
5803.90498 14.532 0.005
5805.91830 14.786 0.005
5807.86601 14.602 0.005
5809.89714 14.590 0.005
5812.89291 14.921 0.005
5813.89016 14.437 0.005
5816.82933 14.731 0.005
5819.86377 14.435 0.005
5822.79805 14.785 0.005
5824.79413 14.538 0.005
5826.88508 14.604 0.005
5828.81834 14.851 0.005
5830.79849 14.425 0.005
5832.80033 14.631 0.005
5834.78545 14.909 0.005
5835.83048 14.648 0.005
5837.79625 14.566 0.005
5839.89607 14.825 0.005
5840.86179 14.912 0.005
5842.81083 14.490 0.005
5846.78187 14.820 0.005
5850.81821 14.776 0.005
5851.77476 14.925 0.005
5853.82716 14.470 0.005
5856.82607 14.849 0.005
5858.77169 14.423 0.005
5858.77846 14.424 0.005
5859.82908 14.512 0.005
5861.75521 14.743 0.005
5862.76901 14.895 0.005
5864.86561 14.447 0.005
5865.73540 14.549 0.005
5867.83884 14.807 0.005
5869.86284 14.448 0.005
5871.79574 14.607 0.005
5872.76822 14.693 0.005
5874.80043 14.841 0.005
5879.74087 14.912 0.005
5881.80874 14.463 0.005
5883.72413 14.653 0.005
5885.76790 14.917 0.005
5887.75935 14.506 0.005
5889.86101 14.750 0.005
5892.71996 14.425 0.005
5894.76165 14.643 0.005
5896.74634 14.924 0.005
5898.75676 14.474 0.005
5900.69949 14.680 0.005
5901.80028 14.859 0.005
5902.69990 14.896 0.005
5903.71639 14.409 0.005
5904.71450 14.511 0.005
5905.68834 14.618 0.005
5906.70037 14.725 0.005
5907.69188 14.900 0.005
5909.74467 14.442 0.005
5911.70800 14.654 0.005
5912.79466 14.824 0.005
5913.75159 14.921 0.005
5914.77437 14.442 0.005
5915.74804 14.490 0.005
5916.71620 14.605 0.005
5917.74893 14.718 0.005
5922.78114 14.647 0.005
5923.74835 14.778 0.005
5925.75225 14.581 0.005
5926.74929 14.469 0.005
5927.75003 14.577 0.005
5929.75624 14.839 0.005
5931.73412 14.426 0.005
5932.73900 14.506 0.005
5933.75200 14.619 0.005
5934.77239 14.748 0.005
5936.69410 14.730 0.005
5937.71666 14.432 0.005
5939.68248 14.662 0.005
5940.67921 14.794 0.005
5941.70703 14.930 0.005
5942.70225 14.498 0.005
5943.70371 14.473 0.005
5944.66691 14.588 0.005
5945.67595 14.691 0.005
5946.69956 14.843 0.005
5947.68355 14.883 0.005
5948.65981 14.413 0.005
5949.68915 14.516 0.005
5951.64881 14.757 0.005
5952.67435 14.907 0.005
5954.65384 14.457 0.005
5956.69236 14.644 0.005
5958.68980 14.937 0.005
5960.64791 14.494 0.005
5963.65147 14.873 0.005
5964.59422 14.831 0.005
5967.59966 14.638 0.005
5969.65333 14.923 0.005
5971.65906 14.468 0.005
5972.62821 14.572 0.005
5974.58580 14.830 0.005
5976.62140 14.420 0.005
5978.69771 14.628 0.005
5980.56448 14.897 0.005
5982.61005 14.430 0.005
5984.66054 14.651 0.005
5985.60868 14.788 0.005
5987.61377 14.493 0.005
5989.56156 14.591 0.005
5990.57010 14.677 0.005
5992.60550 14.843 0.005
5993.63447 14.421 0.005
5995.57875 14.624 0.005
5996.57861 14.761 0.005
5998.57949 14.646 0.005
6002.55852 14.822 0.005
6010.54299 14.436 0.005
6016.57301 14.474 0.005
6021.55350 14.426 0.005
6022.56273 14.509 0.005
6025.53957 14.910 0.005
6029.54244 14.646 0.005
6034.47626 14.600 0.005
6036.47815 14.855 0.005
6038.52060 14.417 0.005
6040.47890 14.627 0.005
6042.47635 14.918 0.005
6052.46481 14.718 0.005
6056.46580 14.537 0.005
6059.46516 14.926 0.005
6071.46065 14.680 0.005
6137.94329 14.926 0.005
6139.92833 14.468 0.005
6150.91942 14.455 0.005
6166.91507 14.665 0.005
6180.90295 14.629 0.005
6186.88802 14.675 0.005
6195.87672 14.442 0.005
6198.89258 14.802 0.005
6200.89672 14.476 0.005
6203.80083 14.678 0.005
6208.81413 14.628 0.005
6212.85670 14.451 0.005
6216.85449 14.918 0.005
6219.85500 14.612 0.005
6222.85507 14.775 0.005
6225.76989 14.638 0.005
6225.78730 14.639 0.005
6229.82890 14.462 0.005
6231.80159 14.667 0.005
6235.82937 14.518 0.005
6239.86205 14.656 0.005
6244.80015 14.928 0.005
6248.74672 14.699 0.005
6250.76894 14.839 0.005
6253.77312 14.634 0.005
6256.75921 14.627 0.005
6259.76917 14.665 0.005
6264.76484 14.616 0.005
6269.77670 14.542 0.005
6273.77254 14.518 0.005
6275.76468 14.593 0.005
6279.76665 14.415 0.005
6285.70510 14.437 0.005
6288.72988 14.812 0.005
6296.75921 14.427 0.005
6301.72443 14.597 0.005
6308.72980 14.524 0.005
6315.65325 14.628 0.005
6325.63733 14.512 0.005
6338.58974 14.697 0.005
6343.60426 14.629 0.005
6354.57097 14.617 0.005
6360.58062 14.644 0.005
6363.59525 14.500 0.005
6374.54997 14.661 0.005
6380.50856 14.465 0.005
6389.50303 14.777 0.005
6399.47520 14.616 0.005
6511.88834 14.631 0.005
6520.93484 14.430 0.005
6521.87126 14.495 0.005
6532.88123 14.481 0.005
6548.84107 14.473 0.005
6564.86174 14.906 0.005
6572.78992 14.535 0.005
6581.78307 14.895 0.005
6585.82340 14.763 0.005
6595.73057 14.610 0.005
6603.74884 14.924 0.005
6611.77859 14.508 0.005
6615.78900 14.700 0.005
6619.71604 14.792 0.005
6625.70883 14.857 0.005
6633.74263 14.462 0.005
6643.70542 14.799 0.005
6648.75038 14.927 0.005
6655.76263 14.410 0.005
6659.66657 14.893 0.005
6664.80254 14.818 0.005
6670.70691 14.856 0.005
6676.71508 14.934 0.005
6681.72265 14.832 0.005
6692.68642 14.799 0.005
6696.68243 14.598 0.005
6700.66420 14.414 0.005
6706.66578 14.449 0.005
6711.65880 14.448 0.005
6716.59722 14.816 0.005
6730.63224 14.623 0.005
6879.92753 14.485 0.005
6887.89707 14.629 0.005
6896.86720 14.444 0.005
6910.85825 14.681 0.005
6924.80009 14.491 0.005
6929.83992 14.852 0.005
6936.74459 14.439 0.005
6939.73192 14.805 0.005
6943.74393 14.608 0.005
6950.74260 14.776 0.005
6956.77864 14.844 0.005
6960.78273 14.627 0.005
6965.71480 14.554 0.005
6972.76170 14.711 0.005
6976.79675 14.542 0.005
6979.77199 14.930 0.005
6982.72909 14.583 0.005
6985.72912 14.925 0.005
6990.72748 14.895 0.005
6995.70446 14.790 0.005
6999.73980 14.598 0.005
7003.81745 14.418 0.005
7008.73770 14.651 0.005
7013.75688 14.927 0.005
7017.77104 14.731 0.005
7021.75496 14.543 0.005
7025.69117 14.586 0.005
7029.69159 14.851 0.005
7033.74333 14.637 0.005
7039.72155 14.651 0.005
7045.63874 14.696 0.005
7053.64943 14.642 0.005
7058.67934 14.926 0.005
7064.70579 14.731 0.005
7071.66892 14.474 0.005
7075.67366 14.894 0.005
7079.61241 14.751 0.005
7083.58907 14.544 0.005
7087.59434 14.475 0.005
7091.57807 14.865 0.005
7099.59473 14.458 0.005
7109.53717 14.778 0.005
7112.55820 14.640 0.005
7116.54908 14.473 0.005
7120.51890 14.901 0.005
7126.50236 14.682 0.005
7132.47251 14.484 0.005
7135.48800 14.690 0.005
7140.47030 14.639 0.005
7144.46839 14.456 0.005
7270.89909 14.819 0.005
7283.79585 14.620 0.005
7291.77416 14.607 0.005
7294.75850 14.757 0.005
7302.84504 14.596 0.005
7308.81206 14.631 0.005
7317.76858 14.433 0.005
7325.72977 14.630 0.005
7338.73978 14.904 0.005
7342.71817 14.658 0.005
7346.70929 14.477 0.005
7354.84185 14.786 0.005
7357.83926 14.469 0.005
7364.74539 14.613 0.005
7367.78428 14.708 0.005
7373.72147 14.522 0.005
7377.79123 14.867 0.005
7382.68903 14.750 0.005
7386.70391 14.559 0.005
7391.70360 14.485 0.005
7399.72955 14.784 0.005
7404.71837 14.674 0.005
7408.69132 14.497 0.005
7410.69374 14.750 0.005
7416.66286 14.795 0.005
7426.67453 14.625 0.005
7432.65164 14.658 0.005
7437.62283 14.601 0.005
7442.59000 14.531 0.005
7446.60546 14.575 0.005
7450.61506 14.837 0.005
7456.59746 14.911 0.005
7462.59689 14.933 0.005
7467.54783 14.852 0.005
7473.55220 14.922 0.005
7481.52765 14.484 0.005
7494.47841 14.672 0.005
7500.47179 14.749 0.005
