2123.69145 16.292 0.007
2128.48357 16.479 0.007
2131.48397 16.366 0.007
2134.51581 16.273 0.007
2137.53362 16.118 0.006
2141.52184 16.639 0.007
2144.52080 16.509 0.007
2157.55699 16.343 0.007
2168.53154 16.290 0.007
2194.54705 16.531 0.008
2340.88945 16.520 0.011
2351.91052 16.068 0.006
2358.91410 16.513 0.007
2363.91764 16.300 0.007
2372.92011 16.551 0.007
2380.77160 16.130 0.007
2385.85090 16.660 0.007
2389.84935 16.501 0.007
2396.82566 16.170 0.006
2402.69135 16.468 0.007
2404.83577 16.524 0.007
2406.67932 16.263 0.007
2411.67905 16.347 0.007
2415.63364 16.508 0.008
2417.64574 16.478 0.008
2424.69232 16.232 0.006
2426.60880 16.651 0.007
2428.72607 16.015 0.006
2431.91266 16.231 0.007
2433.86694 16.093 0.007
2435.84302 16.651 0.008
2439.83632 16.494 0.007
2443.78878 16.283 0.007
2446.72416 16.519 0.007
2453.72809 16.479 0.008
2459.57227 16.647 0.006
2462.75550 16.022 0.006
2463.72071 16.651 0.007
2465.50681 16.367 0.007
2465.50966 16.378 0.007
2467.75414 16.586 0.008
2469.80124 16.535 0.007
2471.47871 16.276 0.007
2473.79123 16.436 0.007
2484.57624 16.375 0.007
2489.68773 16.310 0.006
2492.64049 15.996 0.006
2494.69501 16.088 0.005
2497.48147 16.392 0.007
2499.53263 16.386 0.007
2501.55785 16.321 0.007
2511.54102 16.556 0.008
2516.52682 16.363 0.007
2519.59675 16.330 0.007
2526.50634 16.560 0.007
2539.58526 16.101 0.007
2545.49826 16.473 0.007
2554.55105 16.157 0.007
2566.51223 16.298 0.009
2711.86727 16.315 0.006
2726.87954 16.426 0.007
2731.88639 16.183 0.007
2752.78192 16.535 0.007
2755.77279 16.457 0.007
2758.92428 16.490 0.009
2764.93986 16.312 0.012
2769.73771 16.488 0.007
2770.62039 16.294 0.007
2775.83629 16.369 0.012
2783.61643 16.459 0.007
2785.59759 16.343 0.007
2787.65440 16.350 0.007
2789.94324 16.559 0.011
2791.90871 16.503 0.008
2794.60782 16.634 0.009
2796.90548 16.308 0.007
2797.86866 16.172 0.005
2809.66424 16.036 0.006
2811.64265 16.673 0.009
2813.59648 16.530 0.007
2815.58640 16.479 0.007
2817.63543 16.470 0.007
2819.74380 16.502 0.007
2821.81807 16.499 0.007
2826.50881 16.549 0.007
2830.50342 16.432 0.013
2836.62272 16.345 0.008
2838.49719 16.201 0.007
2840.48481 16.641 0.009
2842.49272 16.527 0.007
2844.60418 16.623 0.007
2848.53121 16.446 0.009
2851.52678 16.264 0.007
2853.52471 16.146 0.007
2855.62979 16.251 0.008
2857.71042 16.273 0.007
2861.56285 16.531 0.008
2864.57487 16.490 0.008
2867.48402 16.253 0.007
2870.52447 16.127 0.007
2875.60788 16.232 0.007
2879.53974 16.502 0.007
2884.56636 16.353 0.007
2888.53324 16.040 0.007
2895.49709 16.495 0.008
2898.54661 16.438 0.008
2905.51821 16.056 0.007
2910.51832 16.566 0.009
2915.54707 16.455 0.009
2922.56519 16.074 0.008
2933.54188 16.370 0.008
3055.86926 16.526 0.007
